TS iseg Exchange_Prev Exchange
1 1 0 307.6903
1 2 0 76.6752
1 3 0 184.159
1 4 0 537.6856
1 5 0 0
1 6 0 1057.028
1 7 0 193.1743
1 8 0 19.00803
1 9 0 705.0337
1 10 0 2436.083
1 11 0 666.1206
1 12 0 829.7817
1 13 0 -64.63818
1 14 0 173.8847
1 15 0 1.207092
1 16 0 20.86279
1 17 0 57.64944
1 18 0 89.41943
1 19 0 74.0293
1 20 0 -586.6548
1 21 0 295.8411
1 22 0 -158.1164
1 23 0 407.0238
1 1 307.6903 307.6903
1 2 76.6752 76.6752
1 3 184.159 184.1583
1 4 537.6856 537.1905
1 5 0 0
1 6 1057.028 1059.025
1 7 193.1743 193.1743
1 8 19.00803 18.47072
1 9 705.0337 705.0337
1 10 2436.083 2436.083
1 11 666.1206 667.3672
1 12 829.7817 829.7817
1 13 -64.63818 -54.6709
1 14 173.8847 172.948
1 15 1.207092 1.207153
1 16 20.86279 21.03564
1 17 57.64944 57.64944
1 18 89.41943 90.75928
1 19 74.0293 75.22705
1 20 -586.6548 -586.6548
1 21 295.8411 295.7762
1 22 -158.1164 -158.1151
1 23 407.0238 406.6531
1 1 307.6903 307.6903
1 2 76.6752 76.6752
1 3 184.1583 184.1583
1 4 537.1905 537.1904
1 5 0 0
1 6 1059.025 1059.023
1 7 193.1743 193.1743
1 8 18.47072 18.47069
1 9 705.0337 705.0337
1 10 2436.083 2436.083
1 11 667.3672 667.3667
1 12 829.7817 829.7817
1 13 -54.6709 -54.85352
1 14 172.948 172.9475
1 15 1.207153 1.207153
1 16 21.03564 21.02002
1 17 57.64944 57.64944
1 18 90.75928 90.75903
1 19 75.22705 75.00098
1 20 -586.6548 -586.6548
1 21 295.7762 295.7756
1 22 -158.1151 -158.1157
1 23 406.6531 406.5781
2 1 307.6903 307.6068
2 2 76.6752 76.50888
2 3 184.1583 178.6996
2 4 537.1904 536.7404
2 5 0 0
2 6 1059.023 1050.099
2 7 193.1743 193.0278
2 8 18.47069 19.9064
2 9 705.0337 703.8363
2 10 2436.083 2433.76
2 11 667.3667 661.1738
2 12 829.7817 816.7973
2 13 -54.85352 -96.94189
2 14 172.9475 176.6722
2 15 1.207153 1.175049
2 16 21.02002 20.43457
2 17 57.64944 57.64438
2 18 90.75903 78.97241
2 19 75.00098 81.45459
2 20 -586.6548 -586.6548
2 21 295.7756 296.9091
2 22 -158.1157 -139.626
2 23 406.5781 410.9372
2 1 307.6068 307.6068
2 2 76.50888 76.50888
2 3 178.6996 178.6996
2 4 536.7404 536.7404
2 5 0 0
2 6 1050.099 1050.099
2 7 193.0278 193.0278
2 8 19.9064 19.9064
2 9 703.8363 703.8363
2 10 2433.76 2433.76
2 11 661.1738 661.1738
2 12 816.7973 816.7973
2 13 -96.94189 -96.94238
2 14 176.6722 176.6722
2 15 1.175049 1.175049
2 16 20.43457 20.43457
2 17 57.64438 57.64438
2 18 78.97241 78.97241
2 19 81.45459 81.45459
2 20 -586.6548 -586.6548
2 21 296.9091 296.9091
2 22 -139.626 -139.6259
2 23 410.9372 410.9501
3 1 307.6068 307.5432
3 2 76.50888 76.35474
3 3 178.6996 176.3324
3 4 536.7404 536.7903
3 5 0 0
3 6 1050.099 1044.799
3 7 193.0278 192.9243
3 8 19.9064 20.85161
3 9 703.8363 703.1547
3 10 2433.76 2432.557
3 11 661.1738 657.3271
3 12 816.7973 810.7767
3 13 -96.94238 -121.0034
3 14 176.6722 178.9201
3 15 1.175049 1.16394
3 16 20.43457 20.36426
3 17 57.64438 57.64179
3 18 78.97241 75.89404
3 19 81.45459 86.42627
3 20 -586.6548 -586.6548
3 21 296.9091 298.6844
3 22 -139.6259 -508.89
3 23 410.9501 440.0646
3 1 307.5432 307.5432
3 2 76.35474 76.35474
3 3 176.3324 176.3322
3 4 536.7903 536.7903
3 5 0 0
3 6 1044.799 1044.799
3 7 192.9243 192.9243
3 8 20.85161 20.85161
3 9 703.1547 703.1547
3 10 2432.557 2432.557
3 11 657.3271 657.3271
3 12 810.7767 810.7767
3 13 -121.0034 -121.0034
3 14 178.9201 178.9201
3 15 1.16394 1.163818
3 16 20.36426 20.36133
3 17 57.64179 57.64179
3 18 75.89404 75.89404
3 19 86.42627 86.41992
3 20 -586.6548 -586.6548
3 21 298.6844 298.6842
3 22 -508.89 -508.778
3 23 440.0646 439.9551
4 1 307.5432 307.4773
4 2 76.35474 76.20079
4 3 176.3322 175.1793
4 4 536.7903 536.8727
4 5 0 0
4 6 1044.799 1041.325
4 7 192.9243 192.8275
4 8 20.85161 21.44921
4 9 703.1547 702.6559
4 10 2432.557 2431.767
4 11 657.3271 654.6558
4 12 810.7767 807.5593
4 13 -121.0034 -134.5815
4 14 178.9201 180.3023
4 15 1.163818 1.138062
4 16 20.36133 20.6084
4 17 57.64179 57.63902
4 18 75.89404 75.77979
4 19 86.41992 89.99658
4 20 -586.6548 -586.6548
4 21 298.6842 300.9551
4 22 -508.778 -34.77087
4 23 439.9551 444.3672
4 1 307.4773 307.4773
4 2 76.20079 76.20079
4 3 175.1793 175.179
4 4 536.8727 536.8726
4 5 0 0
4 6 1041.325 1041.324
4 7 192.8275 192.8275
4 8 21.44921 21.44921
4 9 702.6559 702.6559
4 10 2431.767 2431.767
4 11 654.6558 654.6499
4 12 807.5593 807.5593
4 13 -134.5815 -135.687
4 14 180.3023 180.2997
4 15 1.138062 1.137939
4 16 20.6084 20.58496
4 17 57.63902 57.63902
4 18 75.77979 75.77979
4 19 89.99658 89.81592
4 20 -586.6548 -586.6548
4 21 300.9551 300.9534
4 22 -34.77087 -34.82959
4 23 444.3672 444.2723
4 1 307.4773 307.4773
4 2 76.20079 76.20079
4 3 175.179 175.179
4 4 536.8726 536.8726
4 5 0 0
4 6 1041.324 1041.323
4 7 192.8275 192.8275
4 8 21.44921 21.4492
4 9 702.6559 702.6559
4 10 2431.767 2431.767
4 11 654.6499 654.6489
4 12 807.5593 807.5593
4 13 -135.687 -135.9834
4 14 180.2997 180.299
4 15 1.137939 1.137878
4 16 20.58496 20.57715
4 17 57.63902 57.63902
4 18 75.77979 75.77979
4 19 89.81592 89.78662
4 20 -586.6548 -586.6548
4 21 300.9534 300.953
4 22 -34.82959 -34.84448
4 23 444.2723 444.2464
5 1 307.4773 307.4052
5 2 76.20079 76.043
5 3 175.179 174.5103
5 4 536.8726 536.8546
5 5 0 0
5 6 1041.323 1038.901
5 7 192.8275 192.7322
5 8 21.4492 21.81601
5 9 702.6559 702.2383
5 10 2431.767 2431.114
5 11 654.6489 652.6929
5 12 807.5593 805.4144
5 13 -135.9834 -144.1733
5 14 180.299 181.1518
5 15 1.137878 1.104797
5 16 20.57715 21.2041
5 17 57.63902 57.63595
5 18 75.77979 76.56885
5 19 89.78662 92.70605
5 20 -586.6548 -586.6548
5 21 300.953 303.9057
5 22 -34.84448 147.5255
5 23 444.2464 446.1912
5 1 307.4052 307.4052
5 2 76.043 76.043
5 3 174.5103 174.5099
5 4 536.8546 536.8545
5 5 0 0
5 6 1038.901 1038.9
5 7 192.7322 192.7322
5 8 21.81601 21.81601
5 9 702.2383 702.2383
5 10 2431.114 2431.114
5 11 652.6929 652.6875
5 12 805.4144 805.4144
5 13 -144.1733 -145.2163
5 14 181.1518 181.1493
5 15 1.104797 1.104614
5 16 21.2041 21.18164
5 17 57.63595 57.63595
5 18 76.56885 76.56885
5 19 92.70605 92.53418
5 20 -586.6548 -586.6548
5 21 303.9057 303.904
5 22 147.5255 147.4857
5 23 446.1912 446.0979
5 1 307.4052 307.4052
5 2 76.043 76.043
5 3 174.5099 174.5098
5 4 536.8545 536.8544
5 5 0 0
5 6 1038.9 1038.9
5 7 192.7322 192.7322
5 8 21.81601 21.816
5 9 702.2383 702.2383
5 10 2431.114 2431.114
5 11 652.6875 652.686
5 12 805.4144 805.4144
5 13 -145.2163 -145.4927
5 14 181.1493 181.1487
5 15 1.104614 1.104553
5 16 21.18164 21.17383
5 17 57.63595 57.63595
5 18 76.56885 76.56885
5 19 92.53418 92.50439
5 20 -586.6548 -586.6548
5 21 303.904 303.9036
5 22 147.4857 147.477
5 23 446.0979 446.0728
6 1 307.4052 307.3242
6 2 76.043 75.87849
6 3 174.5098 174.0123
6 4 536.8544 536.7072
6 5 0 0
6 6 1038.9 1037.105
6 7 192.7322 192.6367
6 8 21.816 22.0344
6 9 702.2383 701.8463
6 10 2431.114 2430.476
6 11 652.686 651.1763
6 12 805.4144 803.5826
6 13 -145.4927 -150.272
6 14 181.1487 181.6673
6 15 1.104553 1.066528
6 16 21.17383 22.34668
6 17 57.63595 57.63274
6 18 76.56885 77.54248
6 19 92.50439 95.52246
6 20 -586.6548 -586.6548
6 21 303.9036 307.7744
6 22 147.477 151.4747
6 23 446.0728 447.5074
6 1 307.3242 307.3242
6 2 75.87849 75.87849
6 3 174.0123 174.012
6 4 536.7072 536.7071
6 5 0 0
6 6 1037.105 1037.104
6 7 192.6367 192.6367
6 8 22.0344 22.03439
6 9 701.8463 701.8462
6 10 2430.476 2430.476
6 11 651.1763 651.1694
6 12 803.5826 803.5826
6 13 -150.272 -151.2783
6 14 181.6673 181.6649
6 15 1.066528 1.066284
6 16 22.34668 22.3252
6 17 57.63274 57.63274
6 18 77.54248 77.54248
6 19 95.52246 95.35645
6 20 -586.6548 -586.6548
6 21 307.7744 307.7727
6 22 151.4747 151.4547
6 23 447.5074 447.4354
6 1 307.3242 307.3242
6 2 75.87849 75.87849
6 3 174.012 174.012
6 4 536.7071 536.7071
6 5 0 0
6 6 1037.104 1037.104
6 7 192.6367 192.6368
6 8 22.03439 22.03439
6 9 701.8462 701.8462
6 10 2430.476 2430.476
6 11 651.1694 651.1689
6 12 803.5826 803.5826
6 13 -151.2783 -151.5449
6 14 181.6649 181.6644
6 15 1.066284 1.066284
6 16 22.3252 22.31738
6 17 57.63274 57.63274
6 18 77.54248 77.54248
6 19 95.35645 95.33496
6 20 -586.6548 -586.6548
6 21 307.7727 307.7723
6 22 151.4547 151.4514
6 23 447.4354 447.4168
7 1 307.3242 307.2291
7 2 75.87849 75.70164
7 3 174.012 173.5426
7 4 536.7071 536.4271
7 5 0 0
7 6 1037.104 1035.673
7 7 192.6368 192.5389
7 8 22.03439 22.16147
7 9 701.8462 701.4524
7 10 2430.476 2429.789
7 11 651.1689 649.9346
7 12 803.5826 801.6873
7 13 -151.5449 -154.0913
7 14 181.6644 181.9645
7 15 1.066284 1.022705
7 16 22.31738 24.36426
7 17 57.63274 57.62949
7 18 77.54248 78.50098
7 19 95.33496 99.21094
7 20 -586.6548 -586.6548
7 21 307.7723 312.8899
7 22 151.4514 156.8282
7 23 447.4168 449.651
7 1 307.2291 307.2291
7 2 75.70164 75.70164
7 3 173.5426 173.5423
7 4 536.4271 536.427
7 5 0 0
7 6 1035.673 1035.671
7 7 192.5389 192.5389
7 8 22.16147 22.16146
7 9 701.4524 701.4524
7 10 2429.789 2429.789
7 11 649.9346 649.9302
7 12 801.6873 801.6872
7 13 -154.0913 -155.0771
7 14 181.9645 181.9622
7 15 1.022705 1.022461
7 16 24.36426 24.34082
7 17 57.62949 57.62949
7 18 78.50098 78.50098
7 19 99.21094 99.05078
7 20 -586.6548 -586.6548
7 21 312.8899 312.8882
7 22 156.8282 156.8068
7 23 449.651 449.5806
7 1 307.2291 307.2291
7 2 75.70164 75.70164
7 3 173.5423 173.5422
7 4 536.427 536.427
7 5 0 0
7 6 1035.671 1035.671
7 7 192.5389 192.5388
7 8 22.16146 22.16146
7 9 701.4524 701.4524
7 10 2429.789 2429.789
7 11 649.9302 649.9292
7 12 801.6872 801.6872
7 13 -155.0771 -155.3374
7 14 181.9622 181.9617
7 15 1.022461 1.022461
7 16 24.34082 24.33398
7 17 57.62949 57.62949
7 18 78.50098 78.50098
7 19 99.05078 99.02734
7 20 -586.6548 -586.6548
7 21 312.8882 312.8878
7 22 156.8068 156.8034
7 23 449.5806 449.5629
8 1 307.2291 307.1143
8 2 75.70164 75.51768
8 3 173.5422 173.0331
8 4 536.427 536.0153
8 5 0 0
8 6 1035.671 1034.432
8 7 192.5388 192.4371
8 8 22.16146 22.23965
8 9 701.4524 701.0389
8 10 2429.789 2429.01
8 11 649.9292 648.8662
8 12 801.6872 799.5093
8 13 -155.3374 -156.3608
8 14 181.9617 182.1174
8 15 1.022461 0.972168
8 16 24.33398 26.80566
8 17 57.62949 57.62642
8 18 78.50098 79.43701
8 19 99.02734 103.3184
8 20 -586.6548 -586.6548
8 21 312.8878 319.6706
8 22 156.8034 439.4281
8 23 449.5629 452.2111
8 1 307.1143 307.1143
8 2 75.51768 75.51768
8 3 173.0331 173.0326
8 4 536.0153 536.0152
8 5 0 0
8 6 1034.432 1034.429
8 7 192.4371 192.4371
8 8 22.23965 22.23968
8 9 701.0389 701.0389
8 10 2429.01 2429.01
8 11 648.8662 648.8584
8 12 799.5093 799.5093
8 13 -156.3608 -157.5884
8 14 182.1174 182.1146
8 15 0.972168 0.9718628
8 16 26.80566 26.77539
8 17 57.62642 57.62642
8 18 79.43701 81.53027
8 19 103.3184 103.1328
8 20 -586.6548 -586.6548
8 21 319.6706 319.6686
8 22 439.4281 439.3969
8 23 452.2111 452.1125
8 1 307.1143 307.1143
8 2 75.51768 75.51768
8 3 173.0326 173.0325
8 4 536.0152 535.7776
8 5 0 0
8 6 1034.429 1035.36
8 7 192.4371 192.4371
8 8 22.23968 21.99991
8 9 701.0389 701.0389
8 10 2429.01 2429.01
8 11 648.8584 649.4692
8 12 799.5093 799.5093
8 13 -157.5884 -151.8677
8 14 182.1146 181.6473
8 15 0.9718628 0.9719238
8 16 26.77539 26.85645
8 17 57.62642 57.62642
8 18 81.53027 80.0415
8 19 103.1328 103.8701
8 20 -586.6548 -586.6548
8 21 319.6686 319.6378
8 22 439.3969 439.3982
8 23 452.1125 452.0276
8 1 307.1143 307.1143
8 2 75.51768 75.51768
8 3 173.0325 173.0324
8 4 535.7776 535.7779
8 5 0 0
8 6 1035.36 1035.358
8 7 192.4371 192.4371
8 8 21.99991 21.99976
8 9 701.0389 701.0389
8 10 2429.01 2429.01
8 11 649.4692 649.478
8 12 799.5093 799.5093
8 13 -151.8677 -152.6118
8 14 181.6473 181.6469
8 15 0.9719238 0.9718628
8 16 26.85645 26.86523
8 17 57.62642 57.62642
8 18 80.0415 80.0415
8 19 103.8701 103.6514
8 20 -586.6548 -586.6548
8 21 319.6378 319.6359
8 22 439.3982 439.3968
8 23 452.0276 451.9396
9 1 307.1143 306.9706
9 2 75.51768 75.33045
9 3 173.0324 172.4984
9 4 535.7779 535.2911
9 5 0 0
9 6 1035.358 1033.865
9 7 192.4371 192.3275
9 8 21.99976 22.13813
9 9 701.0389 700.5876
9 10 2429.01 2428.103
9 11 649.478 648.3047
9 12 799.5093 796.9355
9 13 -152.6118 -153.834
9 14 181.6469 181.8647
9 15 0.9718628 0.9030762
9 16 26.86523 27.76953
9 17 57.62642 57.62381
9 18 80.0415 80.56934
9 19 103.6514 106.5591
9 20 -586.6548 -1084.069
9 21 319.6359 340.3076
9 22 439.3968 863.9652
9 23 451.9396 451.9841
9 1 306.9706 306.9706
9 2 75.33045 75.33045
9 3 172.4984 172.4981
9 4 535.2911 535.291
9 5 0 0
9 6 1033.865 1033.863
9 7 192.3275 192.3275
9 8 22.13813 22.13812
9 9 700.5876 700.5876
9 10 2428.103 2428.103
9 11 648.3047 648.2988
9 12 796.9355 796.9355
9 13 -153.834 -154.7734
9 14 181.8647 181.8625
9 15 0.9030762 0.902832
9 16 27.76953 27.69043
9 17 57.62381 57.62381
9 18 80.56934 80.56934
9 19 106.5591 106.3125
9 20 -1084.069 -1084.104
9 21 340.3076 340.3051
9 22 863.9652 863.9291
9 23 451.9841 451.8344
9 1 306.9706 306.9706
9 2 75.33045 75.33045
9 3 172.4981 172.4981
9 4 535.291 535.291
9 5 0 0
9 6 1033.863 1033.862
9 7 192.3275 192.3274
9 8 22.13812 22.13812
9 9 700.5876 700.5876
9 10 2428.103 2428.103
9 11 648.2988 648.2983
9 12 796.9355 796.9355
9 13 -154.7734 -155.0215
9 14 181.8625 181.862
9 15 0.902832 0.902832
9 16 27.69043 27.6543
9 17 57.62381 57.62381
9 18 80.56934 80.56934
9 19 106.3125 106.228
9 20 -1084.104 -1084.113
9 21 340.3051 340.3045
9 22 863.9291 863.9209
9 23 451.8344 451.782
10 1 306.9706 306.7949
10 2 75.33045 75.14288
10 3 172.4981 171.8177
10 4 535.291 534.6477
10 5 0 0
10 6 1033.862 1032.446
10 7 192.3274 192.2072
10 8 22.13812 22.274
10 9 700.5876 700.08
10 10 2428.103 2427.026
10 11 648.2983 647.2505
10 12 796.9355 793.8197
10 13 -155.0215 -154.9268
10 14 181.862 181.9738
10 15 0.902832 0.8397827
10 16 27.6543 27.42773
10 17 57.62381 57.62231
10 18 80.56934 81.56104
10 19 106.228 104.2705
10 20 -1084.113 -500.4111
10 21 340.3045 352.4895
10 22 863.9209 870.6724
10 23 451.782 452.8878
10 1 306.7949 306.7949
10 2 75.14288 75.14288
10 3 171.8177 171.8173
10 4 534.6477 534.6476
10 5 0 0
10 6 1032.446 1032.445
10 7 192.2072 192.2072
10 8 22.274 22.27399
10 9 700.08 700.08
10 10 2427.026 2427.026
10 11 647.2505 647.2456
10 12 793.8197 793.8197
10 13 -154.9268 -155.8555
10 14 181.9738 181.9716
10 15 0.8397827 0.8396606
10 16 27.42773 27.35059
10 17 57.62231 57.62231
10 18 81.56104 81.56104
10 19 104.2705 103.9756
10 20 -500.4111 -500.4453
10 21 352.4895 352.487
10 22 870.6724 870.6531
10 23 452.8878 452.7515
10 1 306.7949 306.7949
10 2 75.14288 75.14288
10 3 171.8173 171.8172
10 4 534.6476 534.6475
10 5 0 0
10 6 1032.445 1032.444
10 7 192.2072 192.2072
10 8 22.27399 22.27399
10 9 700.08 700.08
10 10 2427.026 2427.026
10 11 647.2456 647.2446
10 12 793.8197 793.8197
10 13 -155.8555 -156.1006
10 14 181.9716 181.9711
10 15 0.8396606 0.8395386
10 16 27.35059 27.31543
10 17 57.62231 57.62231
10 18 81.56104 81.56104
10 19 103.9756 103.8916
10 20 -500.4453 -500.4536
10 21 352.487 352.4865
10 22 870.6531 870.6501
10 23 452.7515 452.703
11 1 306.7949 306.5767
11 2 75.14288 74.95758
11 3 171.8172 170.986
11 4 534.6475 533.8651
11 5 0 0
11 6 1032.444 1030.981
11 7 192.2072 192.071
11 8 22.27399 22.45244
11 9 700.08 699.5229
11 10 2427.026 2425.769
11 11 647.2446 646.2563
11 12 793.8197 790.0666
11 13 -156.1006 -155.0625
11 14 181.9711 182.0085
11 15 0.8395386 0.7822266
11 16 27.31543 27.13867
11 17 57.62231 57.62298
11 18 81.56104 82.94824
11 19 103.8916 104.0771
11 20 -500.4536 -228.8359
11 21 352.4865 361.0979
11 22 870.6501 881.5035
11 23 452.703 453.5026
11 1 306.5767 306.5767
11 2 74.95758 74.95758
11 3 170.986 170.9856
11 4 533.8651 533.865
11 5 0 0
11 6 1030.981 1030.979
11 7 192.071 192.071
11 8 22.45244 22.45243
11 9 699.5229 699.5229
11 10 2425.769 2425.769
11 11 646.2563 646.2505
11 12 790.0666 790.0665
11 13 -155.0625 -155.9839
11 14 182.0085 182.0063
11 15 0.7822266 0.7820435
11 16 27.13867 27.11719
11 17 57.62298 57.62298
11 18 82.94824 82.94824
11 19 104.0771 103.9297
11 20 -228.8359 -228.8696
11 21 361.0979 361.0955
11 22 881.5035 881.4849
11 23 453.5026 453.4384
11 1 306.5767 306.5767
11 2 74.95758 74.95758
11 3 170.9856 170.9855
11 4 533.865 533.865
11 5 0 0
11 6 1030.979 1030.979
11 7 192.071 192.0712
11 8 22.45243 22.45243
11 9 699.5229 699.5229
11 10 2425.769 2425.769
11 11 646.2505 646.2495
11 12 790.0665 790.0665
11 13 -155.9839 -156.228
11 14 182.0063 182.0058
11 15 0.7820435 0.7820435
11 16 27.11719 27.11035
11 17 57.62298 57.62298
11 18 82.94824 82.94824
11 19 103.9297 103.8867
11 20 -228.8696 -228.8779
11 21 361.0955 361.0949
11 22 881.4849 881.4822
11 23 453.4384 453.4214
12 1 306.5767 319.6996
12 2 74.95758 83.67326
12 3 170.9855 207.7432
12 4 533.865 557.9608
12 5 0 0.7338867
12 6 1030.979 1037.948
12 7 192.0712 194.0813
12 8 22.45243 29.89557
12 9 699.5229 713.0677
12 10 2425.769 2471.572
12 11 646.2495 651.2563
12 12 790.0665 896.7996
12 13 -156.228 -163.6245
12 14 182.0058 184.1244
12 15 0.7820435 1.022278
12 16 27.11035 27.37305
12 17 57.62298 61.99953
12 18 82.94824 85.97559
12 19 103.8867 104.1445
12 20 -228.8779 -96.01318
12 21 361.0949 372.0698
12 22 881.4822 904.9654
12 23 453.4214 457.9581
12 1 319.6996 332.8503
12 2 83.67326 91.44023
12 3 207.7432 249.6598
12 4 557.9608 588.1483
12 5 0.7338867 2.070313
12 6 1037.948 1055.109
12 7 194.0813 198.6842
12 8 29.89557 38.54628
12 9 713.0677 730.6686
12 10 2471.572 2528.47
12 11 651.2563 664.3691
12 12 896.7996 992.9547
12 13 -163.6245 -161.7959
12 14 184.1244 186.2332
12 15 1.022278 1.588379
12 16 27.37305 28.49512
12 17 61.99953 69.91533
12 18 85.97559 89.73486
12 19 104.1445 105.3193
12 20 -96.01318 -87.46436
12 21 372.0698 378.0008
12 22 904.9654 913.7822
12 23 457.9581 463.766
12 1 332.8503 352.6245
12 2 91.44023 103.147
12 3 249.6598 316.8799
12 4 588.1483 633.6501
12 5 2.070313 4.059082
12 6 1055.109 1080.035
12 7 198.6842 205.6897
12 8 38.54628 51.76748
12 9 730.6686 756.9622
12 10 2528.47 2613.567
12 11 664.3691 683.6064
12 12 992.9547 1138.252
12 13 -161.7959 -145.4316
12 14 186.2332 190.245
12 15 1.588379 2.456787
12 16 28.49512 30.09766
12 17 69.91533 81.66648
12 18 89.73486 95.4375
12 19 105.3193 106.8838
12 20 -87.46436 -75.30371
12 21 378.0008 386.9333
12 22 913.7822 928.1149
12 23 463.766 472.8173
12 1 352.6245 379.0552
12 2 103.147 118.8015
12 3 316.8799 404.9149
12 4 633.6501 694.1036
12 5 4.059082 6.71875
12 6 1080.035 1114.721
12 7 205.6897 215.1902
12 8 51.76748 69.08477
12 9 756.9622 792.1616
12 10 2613.567 2727.197
12 11 683.6064 710.2104
12 12 1138.252 1341.267
12 13 -145.4316 -80.21094
12 14 190.245 195.6782
12 15 2.456787 3.605103
12 16 30.09766 32.33691
12 17 81.66648 97.33352
12 18 95.4375 103.6738
12 19 106.8838 109.6221
12 20 -75.30371 -58.2832
12 21 386.9333 398.7452
12 22 928.1149 946.7813
12 23 472.8173 484.591
12 1 379.0552 411.787
12 2 118.8015 138.1731
12 3 404.9149 514.8074
12 4 694.1036 776.2235
12 5 6.71875 10.02344
12 6 1114.721 1159.489
12 7 215.1902 226.6328
12 8 69.08477 91.04988
12 9 792.1616 839.6249
12 10 2727.197 2868.302
12 11 710.2104 742.3281
12 12 1341.267 1723.521
12 13 -80.21094 24.46289
12 14 195.6782 203.9744
12 15 3.605103 5.036987
12 16 32.33691 34.98242
12 17 97.33352 116.8239
12 18 103.6738 112.9106
12 19 109.6221 112.0654
12 20 -58.2832 -38.24023
12 21 398.7452 413.4974
12 22 946.7813 970.0912
12 23 484.591 499.5695
12 1 411.787 450.2617
12 2 138.1731 166.8087
12 3 514.8074 644.1677
12 4 776.2235 888.7822
12 5 10.02344 13.93359
12 6 1159.489 1224.857
12 7 226.6328 239.3022
12 8 91.04988 116.8914
12 9 839.6249 911.2057
12 10 2868.302 3047.265
12 11 742.3281 780.5693
12 12 1723.521 2502.094
12 13 24.46289 175.8047
12 14 203.9744 214.1999
12 15 5.036987 6.733032
12 16 34.98242 38.125
12 17 116.8239 139.9177
12 18 112.9106 124.2188
12 19 112.0654 115.1133
12 20 -38.24023 -14.35547
12 21 413.4974 430.9147
12 22 970.0912 998.4521
12 23 499.5695 517.2448
12 1 450.2617 493.8104
12 2 166.8087 213.2431
12 3 644.1677 791.0005
12 4 888.7822 1035.982
12 5 13.93359 18.39063
12 6 1224.857 1309.449
12 7 239.3022 252.4219
12 8 116.8914 148.7326
12 9 911.2057 1023.258
12 10 3047.265 3285.209
12 11 780.5693 825.7793
12 12 2502.094 4003.982
12 13 175.8047 357.4268
12 14 214.1999 227.6276
12 15 6.733032 8.665161
12 16 38.125 41.48535
12 17 139.9177 166.3124
12 18 124.2188 135.6128
12 19 115.1133 117.0771
12 20 -14.35547 11.30859
12 21 430.9147 450.9037
12 22 998.4521 1040.123
12 23 517.2448 537.8564
12 1 493.8104 544.7663
12 2 213.2431 282.2438
12 3 791.0005 975.7609
12 4 1035.982 1229.702
12 5 18.39063 23.33594
12 6 1309.449 1423.626
12 7 252.4219 265.9019
12 8 148.7326 192.8208
12 9 1023.258 1188.676
12 10 3285.209 3637.821
12 11 825.7793 886.2441
12 12 4003.982 6427.692
12 13 357.4268 573.334
12 14 227.6276 242.9779
12 15 8.665161 10.8208
12 16 41.48535 45.39258
12 17 166.3124 195.6619
12 18 135.6128 148.4644
12 19 117.0771 120.5332
12 20 11.30859 39.71777
12 21 450.9037 473.1724
12 22 1040.123 1099.311
12 23 537.8564 557.5285
12 1 544.7663 646.0677
12 2 282.2438 406.6675
12 3 975.7609 1278.618
12 4 1229.702 1520.646
12 5 23.33594 28.7041
12 6 1423.626 1587.13
12 7 265.9019 279.8076
12 8 192.8208 396.3924
12 9 1188.676 1433.964
12 10 3637.821 4224.922
12 11 886.2441 975.2109
12 12 6427.692 9941.433
12 13 573.334 816.1992
12 14 242.9779 261.8712
12 15 10.8208 12.31787
12 16 45.39258 51.02734
12 17 195.6619 227.6069
12 18 148.4644 165.6191
12 19 120.5332 133.6855
12 20 39.71777 75.79492
12 21 473.1724 486.217
12 22 1099.311 1176.53
12 23 557.5285 571.116
12 1 646.0677 807.0323
12 2 406.6675 594.6209
12 3 1278.618 1761.207
12 4 1520.646 1950.152
12 5 28.7041 34.57813
12 6 1587.13 1824.812
12 7 279.8076 299.0078
12 8 396.3924 844.8942
12 9 1433.964 1817.312
12 10 4224.922 5117.445
12 11 975.2109 1126.173
12 12 9941.433 14681.63
12 13 816.1992 1092.097
12 14 261.8712 284.1881
12 15 12.31787 13.85205
12 16 51.02734 58.30664
12 17 227.6069 261.7971
12 18 165.6191 194.0635
12 19 133.6855 150.2598
12 20 75.79492 114.7168
12 21 486.217 514.0723
12 22 1176.53 1272.212
12 23 571.116 614.1914
12 1 807.0323 1042.497
12 2 594.6209 856.6546
12 3 1761.207 2478.504
12 4 1950.152 2567.789
12 5 34.57813 42.18555
12 6 1824.812 2150.796
12 7 299.0078 335.2363
12 8 844.8942 1488.719
12 9 1817.312 2389.213
12 10 5117.445 6411.826
12 11 1126.173 1370.39
12 12 14681.63 20816.82
12 13 1092.097 1411.453
12 14 284.1881 309.0747
12 15 13.85205 17.58301
12 16 58.30664 67.62109
12 17 261.7971 300.0328
12 18 194.0635 236.9297
12 19 150.2598 170.8467
12 20 114.7168 155.7959
12 21 514.0723 570.9707
12 22 1272.212 1388.093
12 23 614.1914 689.9756
12 1 1042.497 1366.375
12 2 856.6546 1208.725
12 3 2478.504 3503.439
12 4 2567.789 3442.565
12 5 42.18555 53.16016
12 6 2150.796 2579.819
12 7 335.2363 388.0898
12 8 1488.719 2370.949
12 9 2389.213 3262.406
12 10 6411.826 8185.561
12 11 1370.39 1719.986
12 12 20816.82 28600.1
12 13 1411.453 1778.043
12 14 309.0747 395.1931
12 15 17.58301 23.45215
12 16 67.62109 79.15625
12 17 300.0328 343.3753
12 18 236.9297 303.0342
12 19 170.8467 196.3506
12 20 155.7959 198.7119
12 21 570.9707 662.9707
12 22 1388.093 1550.905
12 23 689.9756 802.001
12 1 1366.375 1793.923
12 2 1208.725 1674.03
12 3 3503.439 4882.052
12 4 3442.565 4637.786
12 5 53.16016 69.58984
12 6 2579.819 3140.642
12 7 388.0898 465.4766
12 8 2370.949 3526.005
12 9 3262.406 4622.025
12 10 8185.561 10522.63
12 11 1719.986 2191.098
12 12 28600.1 38459.07
12 13 1778.043 2233.895
12 14 395.1931 641.6045
12 15 23.45215 32.74609
12 16 79.15625 94.80469
12 17 343.3753 394.9119
12 18 303.0342 405.207
12 19 196.3506 224.876
12 20 198.7119 243.0723
12 21 662.9707 800.9395
12 22 1550.905 1774.466
12 23 802.001 955.252
12 1 1793.923 2340.206
12 2 1674.03 2286.354
12 3 4882.052 6702.306
12 4 4637.786 6274.94
12 5 69.58984 93.4375
12 6 3140.642 3603.492
12 7 465.4766 576.6875
12 8 3526.005 5068.882
12 9 4622.025 6739.533
12 10 10522.63 13518.83
12 11 2191.098 2630.477
12 12 38459.07 50840.36
12 13 2233.895 1788.016
12 14 641.6045 1123.362
12 15 32.74609 26.90625
12 16 94.80469 93.44531
12 17 394.9119 463.745
12 18 405.207 381.7188
12 19 224.876 315.9883
12 20 243.0723 295.8691
12 21 800.9395 877.7344
12 22 1774.466 2062.078
12 23 955.252 1029.539
12 1 2340.206 3020.255
12 2 2286.354 3093.342
12 3 6702.306 8881.969
12 4 6274.94 8324.988
12 5 93.4375 126.6875
12 6 3603.492 4386.914
12 7 576.6875 729.6016
12 8 5068.882 7017.03
12 9 6739.533 10410.2
12 10 13518.83 17286.71
12 11 2630.477 3336.617
12 12 50840.36 66264.38
12 13 1788.016 2460.008
12 14 1123.362 1670.689
12 15 26.90625 38.625
12 16 93.44531 113.4688
12 17 463.745 562.225
12 18 381.7188 509.8281
12 19 315.9883 369.2734
12 20 295.8691 375.1426
12 21 877.7344 1086.578
12 22 2062.078 2425.06
12 23 1029.539 1238.852
12 1 3020.255 3857.413
12 2 3093.342 4155.573
12 3 8881.969 11470.35
12 4 8324.988 10896.19
12 5 126.6875 169.9922
12 6 4386.914 5315.164
12 7 729.6016 933.4609
12 8 7017.03 9633.716
12 9 10410.2 15886.03
12 10 17286.71 21935.76
12 11 3336.617 4185.578
12 12 66264.38 84640.1
12 13 2460.008 3349.563
12 14 1670.689 2386.808
12 15 38.625 53.79688
12 16 113.4688 139.6719
12 17 562.225 706.818
12 18 509.8281 674.7734
12 19 369.2734 435.6787
12 20 375.1426 497.1494
12 21 1086.578 1344.328
12 22 2425.06 2878.733
12 23 1238.852 1491.188
12 1 3857.413 4896.546
12 2 4155.573 5548.821
12 3 11470.35 14454.78
12 4 10896.19 14060.92
12 5 169.9922 223.75
12 6 5315.164 6390.375
12 7 933.4609 1198.289
12 8 9633.716 13587.93
12 9 15886.03 23032.65
12 10 21935.76 27607.23
12 11 4185.578 5186.422
12 12 84640.1 105453.6
12 13 3349.563 4469.453
12 14 2386.808 3290.406
12 15 53.79688 72.45313
12 16 139.6719 171.4063
12 17 706.818 925.2059
12 18 674.7734 879.1719
12 19 435.6787 511.3252
12 20 497.1494 670.0928
12 21 1344.328 1650.344
12 22 2878.733 3414.029
12 23 1491.188 1783.969
12 1 4896.546 6252.066
12 2 5548.821 7365.868
12 3 14454.78 17815.77
12 4 14060.92 17886.95
12 5 223.75 288.25
12 6 6390.375 7616.922
12 7 1198.289 1534.203
12 8 13587.93 19441.96
12 9 23032.65 31560.84
12 10 27607.23 34469.62
12 11 5186.422 6345.266
12 12 105453.6 128079.6
12 13 4469.453 5844.063
12 14 3290.406 4397.035
12 15 72.45313 94.59375
12 16 171.4063 209.0313
12 17 925.2059 1331.216
12 18 879.1719 1123.719
12 19 511.3252 596.834
12 20 670.0928 900.751
12 21 1650.344 2004.063
12 22 3414.029 4029.591
12 23 1783.969 2120.563
12 1 6252.066 8194.038
12 2 7365.868 9812.417
12 3 17815.77 21526.96
12 4 17886.95 22531.27
12 5 288.25 363.5
12 6 7616.922 8989.813
12 7 1534.203 1950.531
12 8 19441.96 26907.69
12 9 31560.84 41292.26
12 10 34469.62 42743.88
12 11 6345.266 7678.281
12 12 128079.6 152141.1
12 13 5844.063 7492.75
12 14 4397.035 5717.919
12 15 94.59375 120.125
12 16 209.0313 252.2188
12 17 1331.216 1843.633
12 18 1123.719 1406.375
12 19 596.834 692.1191
12 20 900.751 1192.46
12 21 2004.063 2408.406
12 22 4029.591 4722.447
12 23 2120.563 2510.563
12 1 8194.038 11352.35
12 2 9812.417 13030.26
12 3 21526.96 25559.57
12 4 22531.27 28237.11
12 5 363.5 449.5
12 6 8989.813 10514.28
12 7 1950.531 2455.672
12 8 26907.69 35506.46
12 9 41292.26 52063.44
12 10 42743.88 52587.8
12 11 7678.281 9205.438
12 12 152141.1 177329
12 13 7492.75 9425.094
12 14 5717.919 7257.614
12 15 120.125 148.875
12 16 252.2188 300.25
12 17 1843.633 2469.146
12 18 1406.375 1724.156
12 19 692.1191 796.1016
12 20 1192.46 1545.7
12 21 2408.406 2860.969
12 22 4722.447 5488.197
12 23 2510.563 2942.906
12 1 11352.35 15238.62
12 2 13030.26 16985.98
12 3 25559.57 29895.84
12 4 28237.11 35167.84
12 5 449.5 546.4688
12 6 10514.28 12176.44
12 7 2455.672 3056.688
12 8 35506.46 44963.94
12 9 52063.44 63707.12
12 10 52587.8 64089.87
12 11 9205.438 10949.94
12 12 177329 203459.5
12 13 9425.094 11629.47
12 14 7257.614 9013.297
12 15 148.875 180.5313
12 16 300.25 353.625
12 17 2469.146 3212.786
12 18 1724.156 2073.844
12 19 796.1016 909.5254
12 20 1545.7 1958.676
12 21 2860.969 3356.406
12 22 5488.197 6321.634
12 23 2942.906 3411.281
12 1 15238.62 19634.31
12 2 16985.98 21549.21
12 3 29895.84 34516.29
12 4 35167.84 43427.68
12 5 546.4688 655
12 6 12176.44 13973.44
12 7 3056.688 3758.938
12 8 44963.94 55115.06
12 9 63707.12 76095.63
12 10 64089.87 77088.07
12 11 10949.94 12947.69
12 12 203459.5 230356.9
12 13 11629.47 14171.63
12 14 9013.297 10997.55
12 15 180.5313 214.75
12 16 353.625 411
12 17 3212.786 4078.772
12 18 2073.844 2452.125
12 19 909.5254 1029.563
12 20 1958.676 2428.06
12 21 3356.406 3894.5
12 22 6321.634 7216.59
12 23 3411.281 3911.25
12 1 19634.31 24367.21
12 2 21549.21 26545.92
12 3 34516.29 39400.11
12 4 43427.68 52706.37
12 5 655 775.75
12 6 13973.44 15899.81
12 7 3758.938 4565.906
12 8 55115.06 65858.93
12 9 76095.63 89082.3
12 10 77088.07 91520.4
12 11 12947.69 15228.44
12 12 230356.9 257879.8
12 13 14171.63 17025.13
12 14 10997.55 13201.75
12 15 214.75 251.3125
12 16 411 472.4375
12 17 4078.772 5071.449
12 18 2452.125 2858.25
12 19 1029.563 1155.779
12 20 2428.06 2949.529
12 21 3894.5 4469.688
12 22 7216.59 8166.686
12 23 3911.25 4441.313
12 1 24367.21 29387.66
12 2 26545.92 31860.91
12 3 39400.11 44520.62
12 4 52706.37 62751.39
12 5 775.75 909.7813
12 6 15899.81 17943.06
12 7 4565.906 5478.344
12 8 65858.93 77081.75
12 9 89082.3 102581.5
12 10 91520.4 107192.7
12 11 15228.44 17799.44
12 12 257879.8 285913.6
12 13 17025.13 20175.69
12 14 13201.75 15620.74
12 15 251.3125 290.0625
12 16 472.4375 537.3125
12 17 5071.449 6196.348
12 18 2858.25 3286.188
12 19 1155.779 1286.756
12 20 2949.529 3518.221
12 21 4469.688 5076.375
12 22 8166.686 9165.304
12 23 4441.313 4998.5
12 1 29387.66 34643.39
12 2 31860.91 37392.75
12 3 44520.62 49852.71
12 4 62751.39 73487.55
12 5 909.7813 1058
12 6 17943.06 20095.81
12 7 5478.344 6494
12 8 77081.75 88709.1
12 9 102581.5 116504.9
12 10 107192.7 124041.7
12 11 17799.44 20644.81
12 12 285913.6 314367.8
12 13 20175.69 23619.31
12 14 15620.74 18254.96
12 15 290.0625 330.75
12 16 537.3125 606.375
12 17 6196.348 7461.931
12 18 3286.188 3732.625
12 19 1286.756 1423.795
12 20 3518.221 4129.101
12 21 5076.375 5712
12 22 9165.304 10206.14
12 23 4998.5 5582.438
12 1 34643.39 40087.87
12 2 37392.75 43124.08
12 3 49852.71 55368.47
12 4 73487.55 84793.95
12 5 1058 1220
12 6 20095.81 22351.81
12 7 6494 7607.5
12 8 88709.1 100678.4
12 9 116504.9 130761.2
12 10 124041.7 141944.6
12 11 20644.81 23741.63
12 12 314367.8 343158.5
12 13 23619.31 27349.75
12 14 18254.96 21111.69
12 15 330.75 373.1875
12 16 606.375 678.375
12 17 7461.931 8882.855
12 18 3732.625 4195.25
12 19 1423.795 1564.703
12 20 4129.101 4777.217
12 21 5712 6374.063
12 22 10206.14 11283.14
12 23 5582.438 6190.125
12 1 40087.87 45687.97
12 2 43124.08 49045.08
12 3 55368.47 61046.89
12 4 84793.95 96547.68
12 5 1220 1396.438
12 6 22351.81 24704.63
12 7 7607.5 8811.875
12 8 100678.4 112938.9
12 9 130761.2 145278
12 10 141944.6 160765.5
12 11 23741.63 27064.63
12 12 343158.5 372226.5
12 13 27349.75 31356.25
12 14 21111.69 24210.52
12 15 373.1875 417.375
12 16 678.375 752.5
12 17 8882.855 10485.54
12 18 4195.25 4671.688
12 19 1564.703 1707.742
12 20 4777.217 5457.861
12 21 6374.063 7060.188
12 22 11283.14 12390.67
12 23 6190.125 6819.5
12 1 45687.97 51417.41
12 2 49045.08 55103.81
12 3 61046.89 66869.94
12 4 96547.68 108645.4
12 5 1396.438 1586
12 6 24704.63 27150.25
12 7 8811.875 10096.25
12 8 112938.9 125440.6
12 9 145278 159996.5
12 10 160765.5 180372.3
12 11 27064.63 30569.75
12 12 372226.5 401522.7
12 13 31356.25 35640.25
12 14 24210.52 27588.91
12 15 417.375 463.625
12 16 752.5 828.875
12 17 10485.54 12314.1
12 18 4671.688 5160.188
12 19 1707.742 1853.52
12 20 5457.861 6166.689
12 21 7060.188 7768.875
12 22 12390.67 13523.92
12 23 6819.5 7470.125
12 1 51417.41 57254.45
12 2 55103.81 61261.98
12 3 66869.94 72820.96
12 4 108645.4 121029.2
12 5 1586 1787.563
12 6 27150.25 29682.06
12 7 10096.25 11449.06
12 8 125440.6 138145.4
12 9 159996.5 174881
12 10 180372.3 200638.1
12 11 30569.75 34214.75
12 12 401522.7 431008
12 13 35640.25 40187
12 14 27588.91 31299.86
12 15 463.625 511.375
12 16 828.875 907
12 17 12314.1 14428.06
12 18 5160.188 5659.5
12 19 1853.52 2000.34
12 20 6166.689 6899.758
12 21 7768.875 8498.25
12 22 13523.92 14678.47
12 23 7470.125 8139.5
12 1 57254.45 63180.92
12 2 61261.98 67495.38
12 3 72820.96 78884.74
12 4 121029.2 133660.8
12 5 1787.563 2000
12 6 29682.06 32297.06
12 7 11449.06 12859.56
12 8 138145.4 151021.6
12 9 174881 189899.9
12 10 200638.1 221445.5
12 11 34214.75 37983
12 12 431008 460648.4
12 13 40187 44995.63
12 14 31299.86 35380.93
12 15 511.375 560.5
12 16 907 986.75
12 17 14428.06 16879.67
12 18 5659.5 6168.125
12 19 2000.34 2148.555
12 20 6899.758 7653.551
12 21 8498.25 9246.25
12 22 14678.47 15850.7
12 23 8139.5 8828
12 1 63180.92 69181.42
12 2 67495.38 73786.75
12 3 78884.74 85048.31
12 4 133660.8 146496.4
12 5 2000 2221.5
12 6 32297.06 34990.75
12 7 12859.56 14318.94
12 8 151021.6 164043.1
12 9 189899.9 205025.4
12 10 221445.5 242699.2
12 11 37983 41871.5
12 12 460648.4 490414.7
12 13 44995.63 50057.75
12 14 35380.93 39867.25
12 15 560.5 610.5
12 16 986.75 1068
12 17 16879.67 19622.08
12 18 6168.125 6685.125
12 19 2148.555 2297.766
12 20 7653.551 8424.982
12 21 9246.25 10011.63
12 22 15850.7 17037.61
12 23 8828 9534.125
12 1 69181.42 75243.17
12 2 73786.75 80123.53
12 3 85048.31 91300.41
12 4 146496.4 159494.7
12 5 2221.5 2450.5
12 6 34990.75 37760.25
12 7 14318.94 15818.56
12 8 164043.1 177189.6
12 9 205025.4 220233.8
12 10 242699.2 264318.5
12 11 41871.5 45859
12 12 490414.7 520285.1
12 13 50057.75 55369.13
12 14 39867.25 44790.21
12 15 610.5 661.5
12 16 1068 1150.625
12 17 19622.08 22809.96
12 18 6685.125 7209.688
12 19 2297.766 2447.656
12 20 8424.982 9211.361
12 21 10011.63 10793.13
12 22 17037.61 18236.41
12 23 9534.125 10257.75
12 1 75243.17 81355.51
12 2 80123.53 86496.02
12 3 91300.41 97631.16
12 4 159494.7 172625.2
12 5 2450.5 2685
12 6 37760.25 40600
12 7 15818.56 17350.44
12 8 177189.6 190443.3
12 9 220233.8 235507.9
12 10 264318.5 286233.2
12 11 45859 49928
12 12 520285.1 550241.8
12 13 55369.13 60919.13
12 14 44790.21 50042.61
12 15 661.5 713.25
12 16 1150.625 1234.5
12 17 22809.96 26243.41
12 18 7209.688 7741.25
12 19 2447.656 2597.879
12 20 9211.361 10010.35
12 21 10793.13 11590
12 22 18236.41 19444.86
12 23 10257.75 10997.13
12 1 81355.51 87509.53
12 2 86496.02 92896.67
12 3 97631.16 104032
12 4 172625.2 185864.2
12 5 2685 2925
12 6 40600 43508.13
12 7 17350.44 18908.75
12 8 190443.3 203786.6
12 9 235507.9 250834
12 10 286233.2 308396.8
12 11 49928 54068.88
12 12 550241.8 580270.2
12 13 60919.13 66706.75
12 14 50042.61 55549.32
12 15 713.25 765.875
12 16 1234.5 1319.5
12 17 26243.41 29856.06
12 18 7741.25 8278.875
12 19 2597.879 2748.949
12 20 10010.35 10819.95
12 21 11590 12401
12 22 19444.86 20661.24
12 23 10997.13 11752.25
12 1 87509.53 93694.09
12 2 92896.67 99319.51
12 3 104032 110496.5
12 4 185864.2 199191.9
12 5 2925 3169
12 6 43508.13 46481.13
12 7 18908.75 20488.69
12 8 203786.6 217206.8
12 9 250834 266201.7
12 10 308396.8 330769
12 11 54068.88 58273
12 12 580270.2 610358.9
12 13 66706.75 72725.5
12 14 55549.32 61284.48
12 15 765.875 819.25
12 16 1319.5 1405.25
12 17 29856.06 33634.65
12 18 8278.875 8822.5
12 19 2748.949 2900.59
12 20 10819.95 11638.45
12 21 12401 13225.75
12 22 20661.24 21884.08
12 23 11752.25 12522.5
12 1 93694.09 99905.59
12 2 99319.51 105759.9
12 3 110496.5 117017.9
12 4 199191.9 212589
12 5 3169 3416
12 6 46481.13 49515
12 7 20488.69 22086.69
12 8 217206.8 230692.6
12 9 266201.7 281602.9
12 10 330769 353311.1
12 11 58273 62534.5
12 12 610358.9 640498.4
12 13 72725.5 78969.75
12 14 61284.48 67209.49
12 15 819.25 873.25
12 16 1405.25 1492
12 17 33634.65 37545.88
12 18 8822.5 9371.5
12 19 2900.59 3052.793
12 20 11638.45 12464.42
12 21 13225.75 14063.13
12 22 21884.08 23112.21
12 23 12522.5 13308
12 1 99905.59 106140.5
12 2 105759.9 112214.1
12 3 117017.9 123590.3
12 4 212589 226043.5
12 5 3416 3665
12 6 49515 52606
12 7 22086.69 23699.81
12 8 230692.6 244234.3
12 9 281602.9 297031.2
12 10 353311.1 375991.8
12 11 62534.5 66847.75
12 12 640498.4 670681.8
12 13 78969.75 85435
12 14 67209.49 73288.36
12 15 873.25 927.75
12 16 1492 1579.75
12 17 37545.88 41565.36
12 18 9371.5 9925.25
12 19 3052.793 3205.508
12 20 12464.42 13296.61
12 21 14063.13 14913
12 22 23112.21 24344.67
12 23 13308 14107
12 1 106140.5 112395.5
12 2 112214.1 118679.2
12 3 123590.3 130208.7
12 4 226043.5 239545.9
12 5 3665 3917
12 6 52606 55750.88
12 7 23699.81 25325.5
12 8 244234.3 257823.9
12 9 297031.2 312481.4
12 10 375991.8 398783
12 11 66847.75 71208.88
12 12 670681.8 700901.9
12 13 85435 92116.5
12 14 73288.36 79494.52
12 15 927.75 983
12 16 1579.75 1668.5
12 17 41565.36 45675.24
12 18 9925.25 10483.38
12 19 3205.508 3358.711
12 20 13296.61 14134
12 21 14913 15774.75
12 22 24344.67 25580.72
12 23 14107 14921
12 1 112395.5 118667.2
12 2 118679.2 125153.1
12 3 130208.7 136869.6
12 4 239545.9 253088.9
12 5 3917 4170
12 6 55750.88 58946
12 7 25325.5 26962.38
12 8 257823.9 271454.8
12 9 312481.4 327949.8
12 10 398783 421667.2
12 11 71208.88 75613.38
12 12 700901.9 731153.9
12 13 92116.5 99010.5
12 14 79494.52 85804.19
12 15 983 1039
12 16 1668.5 1757.75
12 17 45675.24 49861.37
12 18 10483.38 11045.5
12 19 3358.711 3512.367
12 20 14134 14975.72
12 21 15774.75 16647.75
12 22 25580.72 26819.72
12 23 14921 15747.75
12 1 118667.2 124952.7
12 2 125153.1 131633.8
12 3 136869.6 143569.8
12 4 253088.9 266665.8
12 5 4170 4424
12 6 58946 62187.25
12 7 26962.38 28608.5
12 8 271454.8 285121.1
12 9 327949.8 343433.3
12 10 421667.2 444629.5
12 11 75613.38 80059
12 12 731153.9 761434
12 13 99010.5 106112
12 14 85804.19 92204.01
12 15 1039 1095.5
12 16 1757.75 1847.75
12 17 49861.37 54111.34
12 18 11045.5 11611.5
12 19 3512.367 3666.461
12 20 14975.72 15821.04
12 21 16647.75 17532.25
12 22 26819.72 28061.21
12 23 15747.75 16588.5
12 1 124952.7 131249.5
12 2 131633.8 138120
12 3 143569.8 150306.8
12 4 266665.8 280270.9
12 5 4424 4679
12 6 62187.25 65471.75
12 7 28608.5 30262.5
12 8 285121.1 298818.1
12 9 343433.3 358929.3
12 10 444629.5 467657.1
12 11 80059 84541.75
12 12 761434 791739
12 13 106112 113417.3
12 14 92204.01 98689.94
12 15 1095.5 1152.75
12 16 1847.75 1938.25
12 17 54111.34 58414.09
12 18 11611.5 12180.75
12 19 3666.461 3820.969
12 20 15821.04 16669.34
12 21 17532.25 18427.25
12 22 28061.21 29304.78
12 23 16588.5 17441.75
12 1 131249.5 137555.6
12 2 138120 144610.6
12 3 150306.8 157077.2
12 4 280270.9 293899.4
12 5 4679 4935
12 6 65471.75 68796.38
12 7 30262.5 31923.5
12 8 298818.1 312541.6
12 9 358929.3 374436.3
12 10 467657.1 490739.7
12 11 84541.75 89060
12 12 791739 822066.8
12 13 113417.3 120923.3
12 14 98689.94 105255.5
12 15 1152.75 1210
12 16 1938.25 2030
12 17 58414.09 62759.49
12 18 12180.75 12753.38
12 19 3820.969 3975.883
12 20 16669.34 17520.13
12 21 18427.25 19333
12 22 29304.78 30550.13
12 23 17441.75 18308.25
12 1 137555.6 143869.2
12 2 144610.6 151104.6
12 3 157077.2 163878.8
12 4 293899.4 307547.2
12 5 4935 5192
12 6 68796.38 72157.75
12 7 31923.5 33590.38
12 8 312541.6 326288.3
12 9 374436.3 389952.3
12 10 490739.7 513869
12 11 89060 93611.5
12 12 822066.8 852415.7
12 13 120923.3 128626.3
12 14 105255.5 111893.3
12 15 1210 1268.25
12 16 2030 2122
12 17 62759.49 67139.38
12 18 12753.38 13329.25
12 19 3975.883 4131.188
12 20 17520.13 18372.97
12 21 19333 20248.75
12 22 30550.13 31797
12 23 18308.25 19187
12 1 143869.2 150189
12 2 151104.6 157601.5
12 3 163878.8 170710.2
12 4 307547.2 321211.3
12 5 5192 5449
12 6 72157.75 75553.5
12 7 33590.38 35262.25
12 8 326288.3 340055.1
12 9 389952.3 405476.1
12 10 513869 537038.4
12 11 93611.5 98193.75
12 12 852415.7 882783.1
12 13 128626.3 136523.3
12 14 111893.3 118596.5
12 15 1268.25 1326.5
12 16 2122 2214.75
12 17 67139.38 71548.04
12 18 13329.25 13908
12 19 4131.188 4286.867
12 20 18372.97 19227.51
12 21 20248.75 21174.75
12 22 31797 33045.2
12 23 19187 20078.25
12 1 150189 156513.8
12 2 157601.5 164100.7
12 3 170710.2 177569.7
12 4 321211.3 334888.9
12 5 5449 5707
12 6 75553.5 78980
12 7 35262.25 36938.63
12 8 340055.1 353839.7
12 9 405476.1 421006.8
12 10 537038.4 560241.3
12 11 98193.75 102805.5
12 12 882783.1 913168.1
12 13 136523.3 144611.5
12 14 118596.5 125359.6
12 15 1326.5 1385.5
12 16 2214.75 2308.25
12 17 71548.04 75980.74
12 18 13908 14489.5
12 19 4286.867 4442.898
12 20 19227.51 20083.47
12 21 21174.75 22110.25
12 22 33045.2 34294.57
12 23 20078.25 20981.75
12 1 156513.8 162842.8
12 2 164100.7 170601.7
12 3 177569.7 184456.4
12 4 334888.9 348578.1
12 5 5707 5965
12 6 78980 82436.5
12 7 36938.63 38619
12 8 353839.7 367639.9
12 9 421006.8 436543.6
12 10 560241.3 583473.4
12 11 102805.5 107445
12 12 913168.1 943569.3
12 13 144611.5 152887.5
12 14 125359.6 132177.6
12 15 1385.5 1445
12 16 2308.25 2402.25
12 17 75980.74 80433.38
12 18 14489.5 15073.88
12 19 4442.898 4599.297
12 20 20083.47 20940.58
12 21 22110.25 23056
12 22 34294.57 35544.98
12 23 20981.75 21897.25
12 1 162842.8 169175.3
12 2 170601.7 177104.2
12 3 184456.4 191369.2
12 4 348578.1 362277.3
12 5 5965 6223.125
12 6 82436.5 85919.25
12 7 38619 40303.25
12 8 367639.9 381453.9
12 9 436543.6 452085.8
12 10 583473.4 606731.1
12 11 107445 112111
12 12 943569.3 973986.8
12 13 152887.5 161349.3
12 14 132177.6 139047
12 15 1445 1505
12 16 2402.25 2496.75
12 17 80433.38 84902.36
12 18 15073.88 15660.63
12 19 4599.297 4756.031
12 20 20940.58 21798.66
12 21 23056 24010.75
12 22 35544.98 36796.34
12 23 21897.25 22824.5
12 1 169175.3 175510.6
12 2 177104.2 183608
12 3 191369.2 198308.1
12 4 362277.3 375984.9
12 5 6223.125 6482
12 6 85919.25 89427
12 7 40303.25 41990.63
12 8 381453.9 395280.4
12 9 452085.8 467633
12 10 606731.1 630010.7
12 11 112111 116802.5
12 12 973986.8 1004419
12 13 161349.3 169993.5
12 14 139047 145964.5
12 15 1505 1565.5
12 16 2496.75 2592
12 17 84902.36 89384.63
12 18 15660.63 16249.75
12 19 4756.031 4913.109
12 20 21798.66 22657.53
12 21 24010.75 24975
12 22 36796.34 38048.55
12 23 22824.5 23763
12 1 175510.6 181848.4
12 2 183608 190112.8
12 3 198308.1 205271.6
12 4 375984.9 389700
12 5 6482 6740
12 6 89427 92958
12 7 41990.63 43681
12 8 395280.4 409118
12 9 467633 483184.8
12 10 630010.7 653310.4
12 11 116802.5 121517.5
12 12 1004419 1034866
12 13 169993.5 178818.8
12 14 145964.5 152927.4
12 15 1565.5 1626.5
12 16 2592 2687.5
12 17 89384.63 93877.75
12 18 16249.75 16841.75
12 19 4913.109 5070.719
12 20 22657.53 23517.05
12 21 24975 25948.75
12 22 38048.55 39301.56
12 23 23763 24713
12 1 181848.4 188188.2
12 2 190112.8 196618.5
12 3 205271.6 212258.8
12 4 389700 403421.7
12 5 6740 7000.25
12 6 92958 96511.75
12 7 43681 45374.25
12 8 409118 422965.7
12 9 483184.8 498740.9
12 10 653310.4 676630
12 11 121517.5 126256.3
12 12 1034866 1065327
12 13 178818.8 187821.8
12 14 152927.4 159933.6
12 15 1626.5 1688
12 16 2687.5 2784
12 17 93877.75 98379.68
12 18 16841.75 17435.75
12 19 5070.719 5228.719
12 20 23517.05 24377.11
12 21 25948.75 26931.25
12 22 39301.56 40555.32
12 23 24713 25674
12 1 188188.2 194529.7
12 2 196618.5 203124.9
12 3 212258.8 219269.9
12 4 403421.7 417149.3
12 5 7000.25 7260
12 6 96511.75 100085.3
12 7 45374.25 47070.25
12 8 422965.7 436822.6
12 9 498740.9 514301.1
12 10 676630 699966.4
12 11 126256.3 131016.8
12 12 1065327 1095801
12 13 187821.8 197001
12 14 159933.6 166981.1
12 15 1688 1749.5
12 16 2784 2881
12 17 98379.68 102888.8
12 18 17435.75 18031.75
12 19 5228.719 5387.031
12 20 24377.11 25237.61
12 21 26931.25 27922.5
12 22 40555.32 41809.77
12 23 25674 26646.5
12 1 194529.7 200872.6
12 2 203124.9 209632
12 3 219269.9 226303.3
12 4 417149.3 430882.1
12 5 7260 7520
12 6 100085.3 103678
12 7 47070.25 48769
12 8 436822.6 450687.9
12 9 514301.1 529865.2
12 10 699966.4 723318.3
12 11 131016.8 135799
12 12 1095801 1126289
12 13 197001 206354
12 14 166981.1 174068.4
12 15 1749.5 1811.5
12 16 2881 2978.5
12 17 102888.8 107403.8
12 18 18031.75 18630
12 19 5387.031 5545.688
12 20 25237.61 26098.47
12 21 27922.5 28923
12 22 41809.77 43064.9
12 23 26646.5 27629.5
12 1 200872.6 207216.9
12 2 209632 216139.6
12 3 226303.3 233358.9
12 4 430882.1 444619.7
12 5 7520 7780
12 6 103678 107289.3
12 7 48769 50470.13
12 8 450687.9 464562.4
12 9 529865.2 545433.3
12 10 723318.3 746685.1
12 11 135799 140601
12 12 1126289 1156789
12 13 206354 215879
12 14 174068.4 181194.6
12 15 1811.5 1874.5
12 16 2978.5 3076
12 17 107403.8 111923.7
12 18 18630 19230.75
12 19 5545.688 5704.641
12 20 26098.47 26959.64
12 21 28923 29931.75
12 22 43064.9 44320.66
12 23 27629.5 28623.5
12 1 207216.9 213562.2
12 2 216139.6 222647.8
12 3 233358.9 240436.8
12 4 444619.7 458361.8
12 5 7780 8040
12 6 107289.3 110917.5
12 7 50470.13 52173.75
12 8 464562.4 478445.8
12 9 545433.3 561005.1
12 10 746685.1 770066.5
12 11 140601 145423.5
12 12 1156789 1187301
12 13 215879 225573.8
12 14 181194.6 188359.5
12 15 1874.5 1937.5
12 16 3076 3174.5
12 17 111923.7 116447.5
12 18 19230.75 19833.5
12 19 5704.641 5863.953
12 20 26959.64 27821.05
12 21 29931.75 30950
12 22 44320.66 45577.05
12 23 28623.5 29628
12 1 213562.2 219908.5
12 2 222647.8 229156.4
12 3 240436.8 247535.6
12 4 458361.8 472107.9
12 5 8040 8300
12 6 110917.5 114562.8
12 7 52173.75 53879.5
12 8 478445.8 492338.4
12 9 561005.1 576580.4
12 10 770066.5 793461
12 11 145423.5 150265
12 12 1187301 1217826
12 13 225573.8 235436.5
12 14 188359.5 195560.6
12 15 1937.5 2000.5
12 16 3174.5 3273
12 17 116447.5 120974.6
12 18 19833.5 20438
12 19 5863.953 6023.563
12 20 27821.05 28682.65
12 21 30950 31976.5
12 22 45577.05 46834.02
12 23 29628 30644
12 1 219908.5 226255.5
12 2 229156.4 235665.4
12 3 247535.6 254655.5
12 4 472107.9 485858.1
12 5 8300 8560
12 6 114562.8 118223.8
12 7 53879.5 55587.5
12 8 492338.4 506238.4
12 9 576580.4 592158.7
12 10 793461 816868.1
12 11 150265 155126
12 12 1217826 1248363
12 13 235436.5 245466.3
12 14 195560.6 202796.8
12 15 2000.5 2064.5
12 16 3273 3373
12 17 120974.6 125504.5
12 18 20438 21044.75
12 19 6023.563 6183.5
12 20 28682.65 29544.43
12 21 31976.5 33011.5
12 22 46834.02 48091.59
12 23 30644 31669.5
12 1 226255.5 232603.4
12 2 235665.4 242174.8
12 3 254655.5 261795.7
12 4 485858.1 499611.9
12 5 8560 8820.25
12 6 118223.8 121900.3
12 7 55587.5 57298
12 8 506238.4 520144.7
12 9 592158.7 607740.1
12 10 816868.1 840287.6
12 11 155126 160005.8
12 12 1248363 1278912
12 13 245466.3 255660.5
12 14 202796.8 210067.4
12 15 2064.5 2128.5
12 16 3373 3472.5
12 17 125504.5 130036.5
12 18 21044.75 21653.5
12 19 6183.5 6343.766
12 20 29544.43 30406.34
12 21 33011.5 34054.5
12 22 48091.59 49349.72
12 23 31669.5 32706.5
12 1 232603.4 238952
12 2 242174.8 248684.5
12 3 261795.7 268955.6
12 4 499611.9 513369.3
12 5 8820.25 9081.75
12 6 121900.3 125592.3
12 7 57298 59010.5
12 8 520144.7 534059.3
12 9 607740.1 623324.6
12 10 840287.6 863718.9
12 11 160005.8 164903
12 12 1278912 1309474
12 13 255660.5 266018.5
12 14 210067.4 217371.7
12 15 2128.5 2193.5
12 16 3472.5 3573
12 17 130036.5 134570.5
12 18 21653.5 22264.25
12 19 6343.766 6504.359
12 20 30406.34 31268.36
12 21 34054.5 35106
12 22 49349.72 50608.41
12 23 32706.5 33753
12 1 238952 245301.1
12 2 248684.5 255194.6
12 3 268955.6 276135.3
12 4 513369.3 527129.9
12 5 9081.75 9342
12 6 125592.3 129298.8
12 7 59010.5 60725
12 8 534059.3 547980.6
12 9 623324.6 638912
12 10 863718.9 887161.7
12 11 164903 169818
12 12 1309474 1340048
12 13 266018.5 276537.5
12 14 217371.7 224709
12 15 2193.5 2258.5
12 16 3573 3674
12 17 134570.5 139106
12 18 22264.25 22876.75
12 19 6504.359 6665.297
12 20 31268.36 32130.46
12 21 35106 36166
12 22 50608.41 51867.66
12 23 33753 34810.5
12 1 245301.1 251650.9
12 2 255194.6 261705
12 3 276135.3 283334.9
12 4 527129.9 540893.9
12 5 9342 9604
12 6 129298.8 133018.5
12 7 60725 62441.88
12 8 547980.6 561907.4
12 9 638912 654502.4
12 10 887161.7 910615.6
12 11 169818 174750.5
12 12 1340048 1370633
12 13 276537.5 287216.5
12 14 224709 232078.8
12 15 2258.5 2324
12 16 3674 3775
12 17 139106 143642.8
12 18 22876.75 23491.25
12 19 6665.297 6826.547
12 20 32130.46 32992.64
12 21 36166 37234.5
12 22 51867.66 53127.43
12 23 34810.5 35876.5
12 1 251650.9 258001.1
12 2 261705 268215.7
12 3 283334.9 290553.1
12 4 540893.9 554661.1
12 5 9604 9864.25
12 6 133018.5 136752
12 7 62441.88 64160.75
12 8 561907.4 575839.8
12 9 654502.4 670096.1
12 10 910615.6 934080.3
12 11 174750.5 179699.5
12 12 1370633 1401229
12 13 287216.5 298054.5
12 14 232078.8 239480.6
12 15 2324 2389.5
12 16 3775 3877
12 17 143642.8 148180.8
12 18 23491.25 24107.75
12 19 6826.547 6988.094
12 20 32992.64 33854.88
12 21 37234.5 38310.5
12 22 53127.43 54387.75
12 23 35876.5 36954.5
