xyVersion 8.6
numhydtables 0
n_links 30
n_nodes 29
n_lags 5
ExtManualStorageRightActive False
ExtStorageRightActive False
ExtWaterRightsActive False
ExtLastFillRentActive False
NonstorageNodeSize 100
DemandNodeSize 100
ReservoirNodeSize 100
LinkSize 100
BackgroundImageLocation 
BackgroundImageSize 0
DefaultFlowUnits m³/day
DefaultStorageUnits m³
hydroCtrl
ExtHydropowerActive False
effCurve
effCurveName powerEff
fakeht
1 1000
qt
1 10000000
qt_units m³/day
ht_units m
efft
0 1
1 1
2 1
3 1
effCurve
effCurveName powerEff_2
fakeht
1 1000
qt
1 10000000
qt_units m³/day
ht_units m
efft
0 1
1 1
2 1
3 1
node
name NonStorage
nuid c83a0b9d-f314-4ac4-9f85-83f8a3ea7c54
desc 
num 1
ntype 2
out 1
pos
0 90.0000
1 521.0000
labelpos
0 90.0000
1 529.5000
select 0
node
name NonStorage1
nuid 5d52fdaf-6a59-4f25-8651-8bf5bda09ef7
desc 
num 2
ntype 2
in 1
in 2
out 3
pos
0 301.0000
1 421.0000
labelpos
0 297.0000
1 394.5000
select 0
node
name NonStorage2
nuid a67c5cd6-b81c-4265-aaae-a90126e620f5
desc 
num 3
ntype 2
out 2
pos
0 148.0000
1 394.0000
labelpos
0 148.0000
1 402.5000
select 0
node
name NonStorage3
nuid 38a5b8ff-9a0c-41e6-8ae5-e49daff572cf
desc 
num 4
ntype 2
in 3
in 4
out 25
pos
0 374.0000
1 404.0000
labelpos
0 372.0000
1 378.5000
select 0
node
name NonStorage4
nuid 6003744d-4795-4d17-b602-5bc50a5ee107
desc 
num 5
ntype 2
out 4
pos
0 385.0000
1 629.0000
labelpos
0 385.0000
1 637.5000
select 0
node
name InLineRes
nuid b0f90532-7341-43cb-a1aa-e3d5ce459c18
desc 
num 6
ntype 1
in 5
out 7
pos
0 464.0000
1 340.0000
labelpos
0 465.0000
1 316.5000
select 0
max_vol 52430000
start_vol 20000000
reservoir_units 1000 m³
effCurveName powerEff
justTheName True
resnext 6
resprev 6
tstarget
units 1000 m³
10/02/1980 00:00:00	52430000
apoints
1 350
2 1000
3 1686
4 4460
5 7262
6 10091
7 12945
8 15821
9 18717
10 21631
11 24561
12 27506
13 30462
14 33429
15 36405
16 39387
17 42373
18 45363
19 48355
20 51345
21 54334
22 57320
23 60300
24 63274
25 66239
26 69195
27 72140
28 75073
29 77992
30 80897
31 83785
32 86656
33 89508
34 92341
35 95153
36 97943
37 100710
38 103454
39 106172
40 108866
41 111532
42 114172
43 116784
44 119366
45 121920
46 124443
47 126935
48 129396
49 131825
50 134222
51 136586
52 138916
53 141213
54 143476
55 145704
56 147898
57 150057
58 152181
59 154270
60 156324
61 158342
62 160324
63 162272
64 164184
65 166060
66 167901
67 169708
68 171479
69 173216
70 174919
71 176587
72 178222
73 179823
74 181392
75 182928
76 184433
77 185906
78 187348
79 188760
80 190143
81 191496
82 192822
83 194121
84 195393
85 196639
86 197861
87 199059
88 200234
89 201388
90 202521
91 203634
92 204728
93 205805
94 206867
95 207913
96 208945
97 209965
98 210975
99 211975
100 212966
101 213951
102 214931
103 215908
104 216882
105 217856
106 218832
107 219810
108 220794
109 221784
110 222782
111 223791
112 224812
113 225847
114 226898
115 227967
116 229057
117 230168
118 231305
119 232468
120 233659
121 234882
122 236138
123 237430
124 238760
125 240131
126 241544
127 243003
128 244510
129 246067
130 247678
131 249344
132 251069
133 252855
134 254705
135 256622
136 258608
137 260667
138 262801
139 265013
140 267307
141 269685
142 272151
143 274707
144 277357
145 280103
146 282950
147 285900
148 288957
149 292124
150 295404
cpoints
1 16770000
2 33620000
3 50460000
4 67310000
5 87320000
6 121010000
7 154710000
8 188410000
9 222100000
10 255800000
11 289490000
12 323190000
13 356890000
14 390580000
15 453200000
16 537440000
17 621680000
18 705920000
19 790160000
20 874400000
21 958640000
22 1042880000
23 1127120000
24 1211360000
25 1343950000
26 1478740000
27 1613520000
28 1748300000
29 1893130000
30 2095310000
31 2297480000
32 2499660000
33 2701840000
34 2915510000
35 3151390000
36 3387260000
37 3623130000
38 3859000000
39 4094870000
40 4330750000
41 4566620000
42 4802490000
43 5038360000
44 5286460000
45 5539180000
46 5791900000
47 6044620000
48 6297340000
49 6550060000
50 6802780000
51 7055500000
52 7308220000
53 7566530000
54 7869800000
55 8173060000
56 8476330000
57 8779590000
58 9087960000
59 9408070000
60 9728180000
61 10048290000
62 10368400000
63 10696860000
64 11033820000
65 11370780000
66 11707740000
67 12044700000
68 12416410000
69 12803910000
70 13191420000
71 13578920000
72 13966420000
73 14353930000
74 14741430000
75 15128940000
76 15516440000
77 15906380000
78 16327580000
79 16748780000
80 17169980000
81 17591180000
82 18012380000
83 18433580000
84 18854780000
85 19275980000
86 19697180000
87 20118380000
88 20539580000
89 20960780000
90 21381980000
91 21803180000
92 22224380000
93 22645580000
94 23066780000
95 23487980000
96 23909180000
97 24330380000
98 24751580000
99 25172780000
100 25593980000
101 26016310000
102 26471200000
103 26926100000
104 27381000000
105 27835890000
106 28290790000
107 28745680000
108 29200580000
109 29655480000
110 30110370000
111 30572320000
112 31044060000
113 31515800000
114 31987550000
115 32459290000
116 32941320000
117 33429920000
118 33918510000
119 34407100000
120 34895690000
121 35384280000
122 35872880000
123 36361470000
124 36850060000
125 37338650000
126 37911080000
127 38483910000
128 39056740000
129 39629570000
130 40205560000
131 40795240000
132 41384920000
133 41974600000
134 42564280000
135 43160360000
136 43766890000
137 44373420000
138 44979950000
139 45586480000
140 46202640000
141 46826020000
142 47449400000
143 48072770000
144 48696150000
145 49319520000
146 49942900000
147 50566280000
148 51189650000
149 51813030000
150 52436400000
epoints
0 2019
1 2019.2
2 2019.4
3 2019.6
4 2019.8
5 2020
6 2020.2
7 2020.5
8 2020.7
9 2020.9
10 2021.1
11 2021.3
12 2021.5
13 2021.7
14 2021.9
15 2022.1
16 2022.3
17 2022.5
18 2022.7
19 2023
20 2023.2
21 2023.4
22 2023.6
23 2023.8
24 2024
25 2024.2
26 2024.4
27 2024.6
28 2024.8
29 2025
30 2025.2
31 2025.4
32 2025.7
33 2025.9
34 2026.1
35 2026.3
36 2026.5
37 2026.7
38 2026.9
39 2027.1
40 2027.3
41 2027.5
42 2027.7
43 2027.9
44 2028.2
45 2028.4
46 2028.6
47 2028.8
48 2029
49 2029.2
50 2029.4
51 2029.6
52 2029.8
53 2030
54 2030.2
55 2030.4
56 2030.6
57 2030.9
58 2031.1
59 2031.3
60 2031.5
61 2031.7
62 2031.9
63 2032.1
64 2032.3
65 2032.5
66 2032.7
67 2032.9
68 2033.1
69 2033.4
70 2033.6
71 2033.8
72 2034
73 2034.2
74 2034.4
75 2034.6
76 2034.8
77 2035
78 2035.2
79 2035.4
80 2035.6
81 2035.8
82 2036.1
83 2036.3
84 2036.5
85 2036.7
86 2036.9
87 2037.1
88 2037.3
89 2037.5
90 2037.7
91 2037.9
92 2038.1
93 2038.3
94 2038.6
95 2038.8
96 2039
97 2039.2
98 2039.4
99 2039.6
100 2039.8
101 2040
102 2040.2
103 2040.4
104 2040.6
105 2040.8
106 2041
107 2041.3
108 2041.5
109 2041.7
110 2041.9
111 2042.1
112 2042.3
113 2042.5
114 2042.7
115 2042.9
116 2043.1
117 2043.3
118 2043.5
119 2043.8
120 2044
121 2044.2
122 2044.4
123 2044.6
124 2044.8
125 2045
126 2045.2
127 2045.4
128 2045.6
129 2045.8
130 2046
131 2046.2
132 2046.5
133 2046.7
134 2046.9
135 2047.1
136 2047.3
137 2047.5
138 2047.7
139 2047.9
140 2048.1
141 2048.3
142 2048.5
143 2048.7
144 2049
145 2049.2
146 2049.4
147 2049.6
148 2049.8
149 2050
150 2050.2
area_units m²
capacity_units m³
hcapacity_units m³/month
resbali
resbaliprio
0 -50
1 -400900
resbalpcts
0 100
1 10
resbalflag 1
node
name NonStorage5
nuid 3ef61024-9a23-46a7-96a9-f3803be656c1
desc 
num 7
ntype 2
in 7
in 24
out 8
pos
0 540.0000
1 387.0000
labelpos
0 532.0000
1 393.5000
select 0
node
name NonStorage6
nuid c570a45c-76d6-41ed-a031-84892bc19c88
desc 
num 8
ntype 2
out 6
pos
0 537.0000
1 575.0000
labelpos
0 537.0000
1 583.5000
select 0
node
name NonStorage7
nuid c794f696-a8ff-43d4-8d58-8118d54cfb9e
desc 
num 9
ntype 2
in 10
in 26
out 11
pos
0 655.0000
1 397.0000
labelpos
0 655.0000
1 405.5000
select 0
node
name NonStorage8
nuid 1faa625a-2149-45fe-a7ec-835f4d05de64
desc 
num 10
ntype 2
in 9
in 11
out 12
pos
0 732.0000
1 411.0000
labelpos
0 743.0000
1 386.5000
select 0
node
name NonStorage9
nuid c364379c-5be3-4892-bf2b-dae3ee8246d3
desc 
num 11
ntype 2
out 9
pos
0 724.0000
1 582.0000
labelpos
0 724.0000
1 590.5000
select 0
node
name NonStorage10
nuid 1e6734ce-0a39-4770-855d-bda6d94fe291
desc 
num 12
ntype 2
out 10
pos
0 597.0000
1 210.0000
labelpos
0 590.0000
1 186.5000
select 0
node
name NonStorage11
nuid 38867030-40bc-4286-9680-947acefa425e
desc 
num 13
ntype 2
in 12
out 17
out 16
pos
0 850.0000
1 431.0000
labelpos
0 845.0000
1 402.5000
select 0
node
name OffLineRes
nuid b81a7962-1457-4cbf-81b8-67b918531c7f
desc 
num 14
ntype 1
in 13
in 16
out 14
pos
0 942.0000
1 529.0000
labelpos
0 899.0000
1 519.5000
select 0
max_vol 35190000
start_vol 800000
reservoir_units 1000 m³
effCurveName powerEff_2
justTheName True
resnext 14
resprev 14
tstarget
units 1000 m³
10/02/1980 00:00:00	35190000
apoints
1 400
2 1300
3 2317
4 5243
5 8067
6 10795
7 13430
8 15977
9 18440
10 20822
11 23129
12 25363
13 27530
14 29632
15 31673
16 33658
17 35589
18 37470
19 39305
20 41097
21 42849
22 44564
23 46246
24 47897
25 49521
26 51120
27 52697
28 54255
29 55797
30 57324
31 58841
32 60348
33 61848
34 63344
35 64838
36 66331
37 67827
38 69326
39 70830
40 72343
41 73864
42 75396
43 76941
44 78499
45 80073
46 81663
47 83271
48 84898
49 86544
50 88212
51 89902
52 91615
53 93352
54 95112
55 96898
56 98709
57 100546
58 102410
59 104300
60 106217
61 108161
62 110132
63 112130
64 114155
65 116208
66 118286
67 120392
68 122523
69 124679
70 126861
71 129067
72 131296
73 133549
74 135823
75 138118
76 140434
77 142768
78 145120
79 147489
80 149873
81 152271
82 154681
83 157101
84 159532
85 161969
86 164412
87 166859
88 169308
89 171756
90 174203
91 176645
92 179080
93 181506
94 183921
95 186321
96 188706
97 191071
98 193414
99 195732
100 198023
101 200284
102 202511
103 204701
104 206852
105 208959
106 211020
107 213031
108 214989
109 216890
110 218730
111 220506
112 222213
113 223849
114 225409
115 226888
116 228284
117 229591
118 230806
119 231923
120 232939
121 233850
122 234649
123 235334
124 235898
125 236338
126 236648
127 236824
128 236860
129 236896
130 236932
131 236967
132 237003
133 237039
134 237075
135 237111
136 237147
137 237183
138 237219
139 237254
140 237290
141 237326
142 237362
143 237398
144 237434
145 237470
146 237506
147 237542
148 237577
149 237613
150 237649
cpoints
1 11340000
2 22680000
3 34020000
4 45360000
5 56700000
6 68040000
7 79380000
8 100440000
9 123120000
10 145800000
11 168480000
12 191160000
13 213840000
14 236520000
15 275400000
16 320760000
17 366120000
18 411480000
19 456840000
20 502200000
21 547560000
22 605880000
23 673920000
24 741960000
25 810000000
26 878040000
27 946080000
28 1014120000
29 1087020000
30 1166400000
31 1245780000
32 1325160000
33 1404540000
34 1483920000
35 1563300000
36 1652400000
37 1765800000
38 1879200000
39 1992600000
40 2106000000
41 2219400000
42 2332800000
43 2447820000
44 2572560000
45 2697300000
46 2822040000
47 2946780000
48 3071520000
49 3196260000
50 3321000000
51 3468420000
52 3615840000
53 3763260000
54 3910680000
55 4058100000
56 4205520000
57 4352940000
58 4519800000
59 4689900000
60 4860000000
61 5030100000
62 5200200000
63 5370300000
64 5540400000
65 5718600000
66 5900040000
67 6081480000
68 6262920000
69 6444360000
70 6625800000
71 6807240000
72 6995160000
73 7187940000
74 7380720000
75 7573500000
76 7766280000
77 7959060000
78 8151840000
79 8359200000
80 8586000000
81 8812800000
82 9039600000
83 9266400000
84 9493200000
85 9720000000
86 9959760000
87 10231920000
88 10504080000
89 10776240000
90 11048400000
91 11320560000
92 11592720000
93 11869740000
94 12175920000
95 12482100000
96 12788280000
97 13094460000
98 13400640000
99 13706820000
100 14013000000
101 14364540000
102 14716080000
103 15067620000
104 15419160000
105 15770700000
106 16122240000
107 16473780000
108 16835040000
109 17197920000
110 17560800000
111 17923680000
112 18286560000
113 18649440000
114 19012320000
115 19399500000
116 19796400000
117 20193300000
118 20590200000
119 20987100000
120 21384000000
121 21780900000
122 22197240000
123 22628160000
124 23059080000
125 23490000000
126 23920920000
127 24351840000
128 24782760000
129 25213680000
130 25644600000
131 26075520000
132 26506440000
133 26937360000
134 27368280000
135 27799200000
136 28230120000
137 28661040000
138 29091960000
139 29522880000
140 29953800000
141 30384720000
142 30815640000
143 31246560000
144 31677480000
145 32108400000
146 32539320000
147 32970240000
148 33401160000
149 33832080000
150 35186400000
epoints
0 1940
1 1940.14
2 1940.28
3 1940.42
4 1940.56
5 1940.7
6 1940.84
7 1940.98
8 1941.12
9 1941.26
10 1941.4
11 1941.54
12 1941.68
13 1941.82
14 1941.96
15 1942.1
16 1942.24
17 1942.38
18 1942.52
19 1942.66
20 1942.8
21 1942.94
22 1943.08
23 1943.22
24 1943.36
25 1943.5
26 1943.64
27 1943.78
28 1943.92
29 1944.06
30 1944.2
31 1944.34
32 1944.48
33 1944.62
34 1944.76
35 1944.9
36 1945.04
37 1945.18
38 1945.32
39 1945.46
40 1945.6
41 1945.74
42 1945.88
43 1946.02
44 1946.16
45 1946.3
46 1946.44
47 1946.58
48 1946.72
49 1946.86
50 1947
51 1947.14
52 1947.28
53 1947.42
54 1947.56
55 1947.7
56 1947.84
57 1947.98
58 1948.12
59 1948.26
60 1948.4
61 1948.54
62 1948.68
63 1948.82
64 1948.96
65 1949.1
66 1949.24
67 1949.38
68 1949.52
69 1949.66
70 1949.8
71 1949.94
72 1950.08
73 1950.22
74 1950.36
75 1950.5
76 1950.64
77 1950.78
78 1950.92
79 1951.06
80 1951.2
81 1951.34
82 1951.48
83 1951.62
84 1951.76
85 1951.9
86 1952.04
87 1952.18
88 1952.32
89 1952.46
90 1952.6
91 1952.74
92 1952.88
93 1953.02
94 1953.16
95 1953.3
96 1953.44
97 1953.58
98 1953.72
99 1953.86
100 1954
101 1954.14
102 1954.28
103 1954.42
104 1954.56
105 1954.7
106 1954.84
107 1954.98
108 1955.12
109 1955.26
110 1955.4
111 1955.54
112 1955.68
113 1955.82
114 1955.96
115 1956.1
116 1956.24
117 1956.38
118 1956.52
119 1956.66
120 1956.8
121 1956.94
122 1957.08
123 1957.22
124 1957.36
125 1957.5
126 1957.64
127 1957.78
128 1957.92
129 1958.06
130 1958.2
131 1958.34
132 1958.48
133 1958.62
134 1958.76
135 1958.9
136 1959.04
137 1959.18
138 1959.32
139 1959.46
140 1959.6
141 1959.74
142 1959.88
143 1960.02
144 1960.16
145 1960.3
146 1960.44
147 1960.58
148 1960.72
149 1960.86
150 1961.3
area_units m²
capacity_units m³
hcapacity_units m³/month
resbali
resbaliprio
0 -75
1 -400000
resbalpcts
0 100
1 10
resbalflag 1
node
name NonStorage12
nuid 62e25c8a-ddd3-4495-9715-58fa46504b1f
desc 
num 15
ntype 2
out 13
pos
0 915.0000
1 655.0000
labelpos
0 915.0000
1 663.5000
select 0
node
name NonStorage13
nuid 671a69bb-3b7a-49e3-8a96-7fbb867c2f7e
desc 
num 16
ntype 2
in 14
in 21
out 15
out 22
pos
0 1047.0000
1 472.0000
labelpos
0 1077.3330
1 451.4222
select 0
node
name Sink
nuid edfa3366-ef31-4b4c-be93-7abe348a34c3
desc 
num 17
ntype 4
in 23
pos
0 1230.0000
1 517.0000
labelpos
0 1230.0000
1 525.5000
select 0
node
name InStreamFlow
nuid d8bcf2fd-fefe-49c6-ae97-472aa278a63a
desc 
num 18
ntype 3
in 15
pos
0 1087.0000
1 543.0000
labelpos
0 1087.0000
1 551.5000
select 0
pcapUnits acre-ft/month
idstrmx
0 23
idstrmfr
1-9 0
tsdemand
units m³/day
10/01/1980 00:00:00	150000000
node
name NonStorage14
nuid e3acac20-ed2e-4de7-94d4-388ae7a5f074
desc 
num 19
ntype 2
in 17
in 18
out 19
pos
0 923.0000
1 444.0000
labelpos
0 972.8000
1 423.6000
select 0
node
name NonStorage15
nuid c9672320-5f63-4a7a-86b7-a1ce40b9dce9
desc 
num 20
ntype 2
in 27
in 28
out 18
pos
0 887.0000
1 237.0000
labelpos
0 887.0000
1 245.5000
select 0
node
name NonStorage16
nuid e8df20ab-64b9-4463-b60c-4b223fff0073
desc 
num 21
ntype 2
in 19
out 20
out 21
pos
0 986.0000
1 457.0000
labelpos
0 972.0000
1 463.5000
select 0
node
name Municipal
nuid e2897cdb-5318-42e9-ae5b-afd642dc311d
desc 
num 22
ntype 3
in 20
out 30
pos
0 1100.0440
1 406.8445
labelpos
0 1079.2450
1 378.6667
select 0
pcapUnits acre-ft/month
idstrmx
0 28
idstrmfr
1-9 0
tsdemand
units m³/day
10/01/1980 00:00:00	40000000
03/31/1981 00:00:00	120000000
09/30/1981 00:00:00	40000000
node
name NonStorage17
nuid 34e2e125-97b5-4cdd-97c8-24b08f16a296
desc 
num 23
ntype 2
in 22
out 23
pos
0 1130.6000
1 490.5000
labelpos
0 1157.6000
1 465.0000
select 0
node
name NonStorage18
nuid 230739fb-9349-4d43-9435-2407b03aaac1
desc 
num 24
ntype 2
in 25
out 24
out 5
pos
0 423.6000
1 395.5000
labelpos
0 444.6000
1 404.0000
select 0
node
name NonStorage19
nuid c0bed913-b185-4604-90f9-cc285236c72c
desc 
num 25
ntype 2
in 6
in 8
out 26
pos
0 581.6000
1 389.5000
labelpos
0 600.6000
1 368.0000
select 0
node
name NonStorage20
nuid 4accd9f9-40c2-4fad-9d6d-d98f3bbcbb24
desc 
num 26
ntype 2
out 27
pos
0 798.1000
1 152.0000
labelpos
0 784.0959
1 125.5000
select 0
node
name NonStorage21
nuid 94df8af1-9f8a-4d0b-952b-798cb0f9d316
desc 
num 27
ntype 2
out 28
pos
0 909.1000
1 173.0000
labelpos
0 920.0959
1 151.5000
select 0
node
name NonStorage22
nuid 0d09dd6e-9ced-432a-b3ed-2886d8da649a
desc 
num 28
ntype 2
in 30
out 29
pos
0 1144.7110
1 379.0667
labelpos
0 1190.9330
1 387.3333
select 0
node
name Demand
nuid 65fa9418-3182-413d-96ed-2e99111cf530
desc 
num 29
ntype 3
in 29
pos
0 1217.4220
1 358.3556
labelpos
0 1216.2220
1 334.4000
select 0
pcapUnits 1000 m³/day
tsdemand
units 1000 m³/day
10/01/1980 00:00:00	2000000
link
lname NonStorage_NonStorage1
luid f2bd7022-91b6-49fc-aa9d-0cda1dd7b1b7
ldescription 
lnum 1
fromnum 1
tonum 2
select 0
link
lname NonStorage2_NonStorage1
luid bd899345-0c3d-4d77-b3c7-28bdee0a5e53
ldescription 
lnum 2
fromnum 3
tonum 2
select 0
link
lname NonStorage1_NonStorage3
luid d25f3389-7d25-4695-8b2e-d9cd82683922
ldescription 
lnum 3
fromnum 2
tonum 4
select 0
link
lname NonStorage4_NonStorage3
luid 0bf309e3-f30f-42ed-98d2-629669e30881
ldescription 
lnum 4
fromnum 5
tonum 4
select 0
link
lname NonStorage18_InLineRes
luid ffe1e1da-e6b5-450d-93bd-cb7fb76db93e
ldescription 
lnum 5
fromnum 24
tonum 6
measured
units 1000 m³/day
10/01/1980 00:00:00	29999999999
select 0
link
lname NonStorage6_NonStorage19
luid 35cae361-c06c-4203-af9d-836dd746e8fb
ldescription 
lnum 6
fromnum 8
tonum 25
select 0
link
lname InLineRes_NonStorage5
luid 7dbd0a74-adf4-4832-b765-57fb5d514d84
ldescription 
lnum 7
fromnum 6
tonum 7
select 0
link
lname NonStorage5_NonStorage19
luid 084a9d79-d174-4853-a8b9-e88dfdf544b8
ldescription 
lnum 8
fromnum 7
tonum 25
select 0
link
lname NonStorage9_NonStorage8
luid 6295bf4c-7368-484f-addc-f03a7d58b3ba
ldescription 
lnum 9
fromnum 11
tonum 10
select 0
link
lname NonStorage10_NonStorage7
luid 7f64bbf7-c46a-4191-86d5-c6046506f875
ldescription 
lnum 10
fromnum 12
tonum 9
select 0
link
lname NonStorage7_NonStorage8
luid 23da6f5a-0527-4df5-b92e-8107d7ab6512
ldescription 
lnum 11
fromnum 9
tonum 10
select 0
link
lname NonStorage8_NonStorage11
luid 0a3f51b5-b55a-45b7-8b57-b9c7e3b83dbc
ldescription 
lnum 12
fromnum 10
tonum 13
select 0
link
lname NonStorage12_OffLineRes
luid 242662aa-238b-4028-a6a5-b6f7cdec95dd
ldescription 
lnum 13
fromnum 15
tonum 14
select 0
link
lname OffLineRes_NonStorage13
luid 5d9834c4-5d6f-4913-8cb3-9b121a8ccdae
ldescription 
lnum 14
fromnum 14
tonum 16
lcost 1
maxCap
units 1000 m³/day
10/01/1980 00:00:00	2999999999999
measured
units 1000 m³/day
10/01/1980 00:00:00	2999999999999
select 0
link
lname NonStorage13_InStreamFlow
luid 6cea1333-f139-437e-8f3c-a6482951f99c
ldescription 
lnum 15
fromnum 16
tonum 18
lcost -100
select 0
link
lname NonStorage11_OffLineRes
luid 0283f6d1-13af-467f-b6c0-e498eaca18a1
ldescription 
lnum 16
fromnum 13
tonum 14
maxCap
units m³/day
10/01/1980 00:00:00	120000000
measured
units 1000 m³/day
10/01/1980 00:00:00	2999999999999
select 0
link
lname NonStorage11_NonStorage14
luid dbb86a13-6b06-4255-9f47-5a5d57b5c914
ldescription 
lnum 17
fromnum 13
tonum 19
select 0
link
lname NonStorage15_NonStorage14
luid 3602eadd-18b2-4118-9f40-09579c60701a
ldescription 
lnum 18
fromnum 20
tonum 19
select 0
link
lname NonStorage14_NonStorage16
luid 9a5f5e94-7330-44f7-a822-b9b0ec213d26
ldescription 
lnum 19
fromnum 19
tonum 21
select 0
link
lname NonStorage16_Municipal
luid 7384a403-3a26-488f-bf8c-984ce654a8ca
ldescription 
lnum 20
fromnum 21
tonum 22
lcost -85
maxCap
units m³/day
10/01/1980 00:00:00	40000000
03/01/1981 00:00:00	120000000
09/30/1981 00:00:00	40000000
select 0
link
lname NonStorage16_NonStorage13
luid 191d0dab-fca0-42cf-88c0-052d675d19f6
ldescription 
lnum 21
fromnum 21
tonum 16
select 0
link
lname NonStorage13_NonStorage17
luid 620718ac-bd9d-4f11-bf3c-64cdc9feda4b
ldescription 
lnum 22
fromnum 16
tonum 23
select 0
link
lname NonStorage17_Sink
luid f1170ec2-a34d-4ad1-ae8d-a3d9dd0fb140
ldescription 
lnum 23
fromnum 23
tonum 17
select 0
link
lname NonStorage18_NonStorage5
luid aef36ef3-26fa-4a0c-a02f-721a99a2fd22
ldescription 
lnum 24
fromnum 24
tonum 7
maxCap
units 1000 m³/day
10/01/1980 00:00:00	0
select 0
link
lname NonStorage3_NonStorage18
luid e4a7494f-7781-4d52-adeb-8f14adbcb375
ldescription 
lnum 25
fromnum 4
tonum 24
select 0
link
lname NonStorage19_NonStorage7
luid 3e43a1fd-be35-43b9-a3e0-1d0350ac88e5
ldescription 
lnum 26
fromnum 25
tonum 9
select 0
link
lname NonStorage20_NonStorage15
luid b41d0b27-11be-4a87-af96-22df3cd66143
ldescription 
lnum 27
fromnum 26
tonum 20
select 0
link
lname NonStorage21_NonStorage15
luid b20e93cf-0021-4b96-8d1a-c3dd14820d4d
ldescription 
lnum 28
fromnum 27
tonum 20
select 0
link
lname NonStorage22_Demand
luid 3b1853ae-6a08-4cad-b4d9-c44be1d1fea3
ldescription 
lnum 29
fromnum 28
tonum 29
lcoords
0 1169.0990
1 359.4873
select 0
link
lname Municipal_NonStorage22
luid 0fec48e5-7e0a-408a-8497-4f0c5390d257
ldescription 
lnum 30
fromnum 22
tonum 28
maxCap
units 1000 m³/day
10/01/1980 00:00:00	0
lcoords
0 1122.3830
1 392.9640
select 0
annot
astr -100
aposx 1049
aposy 498
annot
astr -50
aposx 451
aposy 295
annot
astr -75
aposx 885
aposy 536
annot
astr -85
aposx 1041
aposy 420
annot
astr Conveyance Capacity newline~5 cfs
aposx 758
aposy 464
annot
astr (6/15/17) Network cost structure readynewlineNeed to update newline-Reservoir sizesnewline-Demand Magnitudesnewline-Conveyance capacities
aposx 1043
aposy 196
ially 1 # Explicit_Targets
iplot 0
iprd Daily
iut 1
n_years 1
rdim
0 0
1 0
2 20480
3 2700
title FictionalSagehen_FlowThru_Adjustment
uselags 1
maxit 1000
gw_cp 0.1
flowth_cp 0.05
evap_cp 0.01
infeasrestart 0
relxacrul 0
dataStartDate 10/01/1980 00:00:00
dataEndDate 10/01/1996 00:00:00
startingDate 10/01/1980 00:00:00
endingDate 09/30/1996 00:00:00
accrualDate 01/01/1980 00:00:00
seasCapDate 10/01/1980 00:00:00
accuracy 4
defaultMaxCap 2999999999999
res_output 1
dws_rel 1
elev_end 1
evp_loss 1
evp_rate 1
gwater 1
head_avg 1
hydra_Cap 1
powr_avg 1
powr_pk 1
pump_in 1
pump_out 1
pwr_2nd 1
seepage 1
spills 1
stor_beg 1
stor_end 1
stor_trg 1
unreg_in 1
ups_rel 1
dem_output 1
dem_sht 1
demand 1
gw_in 1
surf_in 1
acc_flow 1
acc_output 1
acrl 1
stgl 1
flo_flow 1
flo_output 1
loss 1
natflow 1
fromgwtono 1
gw_output 1
noTimeStepsInMemorygwinfiltra 1
spcl_rpts 0
part_flows 0
ver7OutputFiles 0
ver8MSDBOutputFiles 0
SQLiteOutputFiles 1
DeleteTempVer8OutputFiles 1
noTimeStepsInMemory 12
hydroStateOUT 1
nonStorage_output 1
l_MaxOUT 1
l_MinOUT 1
Flow_ThruOUT 1
Rout_RetOUT 1
InflowOUT 1
nomaxmesg 0
constsysst 0
IsBackRoutingActive 0
IsStorageAccountWithRouting 0
