####
tosegment
1
nsegment
327
1
3
3
8
8
15
15
-1
30
16
-1
35
32
16
29
20
33
30
20
33
25
28
29
38
33
35
25
28
32
-1
-1
-1
38
-1
39
-1
39
-1
-1
-1
-1
-1
-1
-1
-1
49
-1
-1
49
51
51
-1
-1
-1
-1
56
58
56
-1
58
0
63
71
-1
-1
63
70
71
71
70
68
72
-1
68
72
79
-1
80
73
-1
79
73
84
80
-1
86
84
86
-1
87
93
92
87
-1
93
92
-1
93
94
95
94
95
95
-1
-1
-1
105
105
-1
-1
109
109
-1
-1
108
117
117
-1
108
123
-1
123
128
130
-1
112
128
112
130
-1
-1
135
120
-1
120
-1
138
135
137
137
138
132
132
-1
-1
153
153
144
144
142
154
142
161
156
-1
156
154
161
160
158
-1
164
160
158
163
164
165
163
165
-1
173
-1
-1
-1
-1
-1
177
173
-1
-1
-1
-1
177
-5
187
178
178
180
187
183
186
186
180
183
190
190
207
212
193
193
192
192
-3
201
210
211
201
206
207
208
209
210
211
200
200
208
209
-3
214
206
212
212
214
221
221
242
249
236
222
222
242
241
236
220
220
-3
247
228
228
238
242
235
249
241
232
232
247
179
179
243
235
248
237
238
249
243
248
237
257
257
253
253
251
251
261
264
267
262
262
261
267
259
264
277
268
268
259
280
277
280
-6
277
269
269
275
276
282
282
275
276
276
288
288
292
303
304
292
307
299
296
296
299
300
300
303
304
305
305
307
301
301
309
309
302
30
312
312
312
316
316
319
319
321
321
323
323
324
324