xyVersion 8.5.1
numhydtables 0
n_links 30
n_nodes 29
n_lags 5
ExtManualStorageRightActive False
ExtStorageRightActive False
ExtWaterRightsActive False
ExtLastFillRentActive False
NonstorageNodeSize 100
DemandNodeSize 100
ReservoirNodeSize 100
LinkSize 100
BackgroundImageLocation 
BackgroundImageSize 0
DefaultFlowUnits m³/day
DefaultStorageUnits m³
hydroCtrl
ExtHydropowerActive False
effCurve
effCurveName powerEff
fakeht
1 1000
qt
1 10000000
qt_units m³/day
ht_units m
efft
0 1
1 1
2 1
3 1
effCurve
effCurveName powerEff_2
fakeht
1 1000
qt
1 10000000
qt_units m³/day
ht_units m
efft
0 1
1 1
2 1
3 1
node
name NonStorage
desc 
num 1
ntype 2
out 1
pos
0 90.0000
1 521.0000
labelpos
0 90.0000
1 529.5000
select 0
node
name NonStorage1
desc 
num 2
ntype 2
in 1
in 2
out 3
pos
0 301.0000
1 421.0000
labelpos
0 297.0000
1 394.5000
select 0
node
name NonStorage2
desc 
num 3
ntype 2
out 2
pos
0 148.0000
1 394.0000
labelpos
0 148.0000
1 402.5000
select 0
node
name NonStorage3
desc 
num 4
ntype 2
in 3
in 4
out 25
pos
0 374.0000
1 404.0000
labelpos
0 372.0000
1 378.5000
select 0
node
name NonStorage4
desc 
num 5
ntype 2
out 4
pos
0 385.0000
1 629.0000
labelpos
0 385.0000
1 637.5000
select 0
node
name InLineRes
desc 
num 6
ntype 1
in 5
out 7
pos
0 464.0000
1 340.0000
labelpos
0 465.0000
1 316.5000
select 0
max_vol 52430000
start_vol 20000000
reservoir_units 1000 m³
effCurveName powerEff
justTheName True
resnext 6
resprev 6
tstarget
units 1000 m³
10/02/1980 00:00:00	52430000
apoints
1 350
2 1000
3 1686
4 4460
5 7262
6 10091
7 12945
8 15821
9 18717
10 21631
11 24561
12 27506
13 30462
14 33429
15 36405
16 39387
17 42373
18 45363
19 48355
20 51345
21 54334
22 57320
23 60300
24 63274
25 66239
26 69195
27 72140
28 75073
29 77992
30 80897
31 83785
32 86656
33 89508
34 92341
35 95153
36 97943
37 100710
38 103454
39 106172
40 108866
41 111532
42 114172
43 116784
44 119366
45 121920
46 124443
47 126935
48 129396
49 131825
50 134222
51 136586
52 138916
53 141213
54 143476
55 145704
56 147898
57 150057
58 152181
59 154270
60 156324
61 158342
62 160324
63 162272
64 164184
65 166060
66 167901
67 169708
68 171479
69 173216
70 174919
71 176587
72 178222
73 179823
74 181392
75 182928
76 184433
77 185906
78 187348
79 188760
80 190143
81 191496
82 192822
83 194121
84 195393
85 196639
86 197861
87 199059
88 200234
89 201388
90 202521
91 203634
92 204728
93 205805
94 206867
95 207913
96 208945
97 209965
98 210975
99 211975
100 212966
101 213951
102 214931
103 215908
104 216882
105 217856
106 218832
107 219810
108 220794
109 221784
110 222782
111 223791
112 224812
113 225847
114 226898
115 227967
116 229057
117 230168
118 231305
119 232468
120 233659
121 234882
122 236138
123 237430
124 238760
125 240131
126 241544
127 243003
128 244510
129 246067
130 247678
131 249344
132 251069
133 252855
134 254705
135 256622
136 258608
137 260667
138 262801
139 265013
140 267307
141 269685
142 272151
143 274707
144 277357
145 280103
146 282950
147 285900
148 288957
149 292124
150 295404
cpoints
1 1677
2 3362
3 5046
4 6731
5 8732
6 12101
7 15471
8 18841
9 22210
10 25580
11 28949
12 32319
13 35689
14 39058
15 45320
16 53744
17 62168
18 70592
19 79016
20 87440
21 95864
22 104288
23 112712
24 121136
25 134395
26 147874
27 161352
28 174830
29 189313
30 209531
31 229748
32 249966
33 270184
34 291551
35 315139
36 338726
37 362313
38 385900
39 409487
40 433075
41 456662
42 480249
43 503836
44 528646
45 553918
46 579190
47 604462
48 629734
49 655006
50 680278
51 705550
52 730822
53 756653
54 786980
55 817306
56 847633
57 877959
58 908796
59 940807
60 972818
61 1004829
62 1036840
63 1069686
64 1103382
65 1137078
66 1170774
67 1204470
68 1241641
69 1280391
70 1319142
71 1357892
72 1396642
73 1435393
74 1474143
75 1512894
76 1551644
77 1590638
78 1632758
79 1674878
80 1716998
81 1759118
82 1801238
83 1843358
84 1885478
85 1927598
86 1969718
87 2011838
88 2053958
89 2096078
90 2138198
91 2180318
92 2222438
93 2264558
94 2306678
95 2348798
96 2390918
97 2433038
98 2475158
99 2517278
100 2559398
101 2601631
102 2647120
103 2692610
104 2738100
105 2783589
106 2829079
107 2874568
108 2920058
109 2965548
110 3011037
111 3057232
112 3104406
113 3151580
114 3198755
115 3245929
116 3294132
117 3342992
118 3391851
119 3440710
120 3489569
121 3538428
122 3587288
123 3636147
124 3685006
125 3733865
126 3791108
127 3848391
128 3905674
129 3962957
130 4020556
131 4079524
132 4138492
133 4197460
134 4256428
135 4316036
136 4376689
137 4437342
138 4497995
139 4558648
140 4620264
141 4682602
142 4744940
143 4807277
144 4869615
145 4931952
146 4994290
147 5056628
148 5118965
149 5181303
150 5243640
epoints
0 2019
1 2019.2
2 2019.4
3 2019.6
4 2019.8
5 2020
6 2020.2
7 2020.5
8 2020.7
9 2020.9
10 2021.1
11 2021.3
12 2021.5
13 2021.7
14 2021.9
15 2022.1
16 2022.3
17 2022.5
18 2022.7
19 2023
20 2023.2
21 2023.4
22 2023.6
23 2023.8
24 2024
25 2024.2
26 2024.4
27 2024.6
28 2024.8
29 2025
30 2025.2
31 2025.4
32 2025.7
33 2025.9
34 2026.1
35 2026.3
36 2026.5
37 2026.7
38 2026.9
39 2027.1
40 2027.3
41 2027.5
42 2027.7
43 2027.9
44 2028.2
45 2028.4
46 2028.6
47 2028.8
48 2029
49 2029.2
50 2029.4
51 2029.6
52 2029.8
53 2030
54 2030.2
55 2030.4
56 2030.6
57 2030.9
58 2031.1
59 2031.3
60 2031.5
61 2031.7
62 2031.9
63 2032.1
64 2032.3
65 2032.5
66 2032.7
67 2032.9
68 2033.1
69 2033.4
70 2033.6
71 2033.8
72 2034
73 2034.2
74 2034.4
75 2034.6
76 2034.8
77 2035
78 2035.2
79 2035.4
80 2035.6
81 2035.8
82 2036.1
83 2036.3
84 2036.5
85 2036.7
86 2036.9
87 2037.1
88 2037.3
89 2037.5
90 2037.7
91 2037.9
92 2038.1
93 2038.3
94 2038.6
95 2038.8
96 2039
97 2039.2
98 2039.4
99 2039.6
100 2039.8
101 2040
102 2040.2
103 2040.4
104 2040.6
105 2040.8
106 2041
107 2041.3
108 2041.5
109 2041.7
110 2041.9
111 2042.1
112 2042.3
113 2042.5
114 2042.7
115 2042.9
116 2043.1
117 2043.3
118 2043.5
119 2043.8
120 2044
121 2044.2
122 2044.4
123 2044.6
124 2044.8
125 2045
126 2045.2
127 2045.4
128 2045.6
129 2045.8
130 2046
131 2046.2
132 2046.5
133 2046.7
134 2046.9
135 2047.1
136 2047.3
137 2047.5
138 2047.7
139 2047.9
140 2048.1
141 2048.3
142 2048.5
143 2048.7
144 2049
145 2049.2
146 2049.4
147 2049.6
148 2049.8
149 2050
150 2050.2
area_units m²
capacity_units m³
hcapacity_units m³/month
resbali
resbalpcts
0 100
resbalflag 1
node
name NonStorage5
desc 
num 7
ntype 2
in 7
in 24
out 8
pos
0 540.0000
1 387.0000
labelpos
0 532.0000
1 393.5000
select 0
node
name NonStorage6
desc 
num 8
ntype 2
out 6
pos
0 537.0000
1 575.0000
labelpos
0 537.0000
1 583.5000
select 0
node
name NonStorage7
desc 
num 9
ntype 2
in 10
in 26
out 11
pos
0 655.0000
1 397.0000
labelpos
0 655.0000
1 405.5000
select 0
node
name NonStorage8
desc 
num 10
ntype 2
in 9
in 11
out 12
pos
0 732.0000
1 411.0000
labelpos
0 743.0000
1 386.5000
select 0
node
name NonStorage9
desc 
num 11
ntype 2
out 9
pos
0 724.0000
1 582.0000
labelpos
0 724.0000
1 590.5000
select 0
node
name NonStorage10
desc 
num 12
ntype 2
out 10
pos
0 597.0000
1 210.0000
labelpos
0 590.0000
1 186.5000
select 0
node
name NonStorage11
desc 
num 13
ntype 2
in 12
out 17
out 16
pos
0 850.0000
1 431.0000
labelpos
0 845.0000
1 402.5000
select 0
node
name OffLineRes
desc 
num 14
ntype 1
in 13
in 16
out 14
pos
0 942.0000
1 529.0000
labelpos
0 899.0000
1 519.5000
select 0
max_vol 35190000
start_vol 800000
reservoir_units 1000 m³
effCurveName powerEff_2
justTheName True
resnext 14
resprev 14
tstarget
units 1000 m³
10/02/1980 00:00:00	35190000
apoints
1 400
2 1300
3 2317
4 5243
5 8067
6 10795
7 13430
8 15977
9 18440
10 20822
11 23129
12 25363
13 27530
14 29632
15 31673
16 33658
17 35589
18 37470
19 39305
20 41097
21 42849
22 44564
23 46246
24 47897
25 49521
26 51120
27 52697
28 54255
29 55797
30 57324
31 58841
32 60348
33 61848
34 63344
35 64838
36 66331
37 67827
38 69326
39 70830
40 72343
41 73864
42 75396
43 76941
44 78499
45 80073
46 81663
47 83271
48 84898
49 86544
50 88212
51 89902
52 91615
53 93352
54 95112
55 96898
56 98709
57 100546
58 102410
59 104300
60 106217
61 108161
62 110132
63 112130
64 114155
65 116208
66 118286
67 120392
68 122523
69 124679
70 126861
71 129067
72 131296
73 133549
74 135823
75 138118
76 140434
77 142768
78 145120
79 147489
80 149873
81 152271
82 154681
83 157101
84 159532
85 161969
86 164412
87 166859
88 169308
89 171756
90 174203
91 176645
92 179080
93 181506
94 183921
95 186321
96 188706
97 191071
98 193414
99 195732
100 198023
101 200284
102 202511
103 204701
104 206852
105 208959
106 211020
107 213031
108 214989
109 216890
110 218730
111 220506
112 222213
113 223849
114 225409
115 226888
116 228284
117 229591
118 230806
119 231923
120 232939
121 233850
122 234649
123 235334
124 235898
125 236338
126 236648
127 236824
128 236860
129 236896
130 236932
131 236967
132 237003
133 237039
134 237075
135 237111
136 237147
137 237183
138 237219
139 237254
140 237290
141 237326
142 237362
143 237398
144 237434
145 237470
146 237506
147 237542
148 237577
149 237613
150 237649
cpoints
1 1134
2 2268
3 3402
4 4536
5 5670
6 6804
7 7938
8 10044
9 12312
10 14580
11 16848
12 19116
13 21384
14 23652
15 27540
16 32076
17 36612
18 41148
19 45684
20 50220
21 54756
22 60588
23 67392
24 74196
25 81000
26 87804
27 94608
28 101412
29 108702
30 116640
31 124578
32 132516
33 140454
34 148392
35 156330
36 165240
37 176580
38 187920
39 199260
40 210600
41 221940
42 233280
43 244782
44 257256
45 269730
46 282204
47 294678
48 307152
49 319626
50 332100
51 346842
52 361584
53 376326
54 391068
55 405810
56 420552
57 435294
58 451980
59 468990
60 486000
61 503010
62 520020
63 537030
64 554040
65 571860
66 590004
67 608148
68 626292
69 644436
70 662580
71 680724
72 699516
73 718794
74 738072
75 757350
76 776628
77 795906
78 815184
79 835920
80 858600
81 881280
82 903960
83 926640
84 949320
85 972000
86 995976
87 1023192
88 1050408
89 1077624
90 1104840
91 1132056
92 1159272
93 1186974
94 1217592
95 1248210
96 1278828
97 1309446
98 1340064
99 1370682
100 1401300
101 1436454
102 1471608
103 1506762
104 1541916
105 1577070
106 1612224
107 1647378
108 1683504
109 1719792
110 1756080
111 1792368
112 1828656
113 1864944
114 1901232
115 1939950
116 1979640
117 2019330
118 2059020
119 2098710
120 2138400
121 2178090
122 2219724
123 2262816
124 2305908
125 2349000
126 2392092
127 2435184
128 2478276
129 2521368
130 2564460
131 2607552
132 2650644
133 2693736
134 2736828
135 2779920
136 2823012
137 2866104
138 2909196
139 2952288
140 2995380
141 3038472
142 3081564
143 3124656
144 3167748
145 3210840
146 3253932
147 3297024
148 3340116
149 3383208
150 3518640
epoints
0 1940
1 1940.14
2 1940.28
3 1940.42
4 1940.56
5 1940.7
6 1940.84
7 1940.98
8 1941.12
9 1941.26
10 1941.4
11 1941.54
12 1941.68
13 1941.82
14 1941.96
15 1942.1
16 1942.24
17 1942.38
18 1942.52
19 1942.66
20 1942.8
21 1942.94
22 1943.08
23 1943.22
24 1943.36
25 1943.5
26 1943.64
27 1943.78
28 1943.92
29 1944.06
30 1944.2
31 1944.34
32 1944.48
33 1944.62
34 1944.76
35 1944.9
36 1945.04
37 1945.18
38 1945.32
39 1945.46
40 1945.6
41 1945.74
42 1945.88
43 1946.02
44 1946.16
45 1946.3
46 1946.44
47 1946.58
48 1946.72
49 1946.86
50 1947
51 1947.14
52 1947.28
53 1947.42
54 1947.56
55 1947.7
56 1947.84
57 1947.98
58 1948.12
59 1948.26
60 1948.4
61 1948.54
62 1948.68
63 1948.82
64 1948.96
65 1949.1
66 1949.24
67 1949.38
68 1949.52
69 1949.66
70 1949.8
71 1949.94
72 1950.08
73 1950.22
74 1950.36
75 1950.5
76 1950.64
77 1950.78
78 1950.92
79 1951.06
80 1951.2
81 1951.34
82 1951.48
83 1951.62
84 1951.76
85 1951.9
86 1952.04
87 1952.18
88 1952.32
89 1952.46
90 1952.6
91 1952.74
92 1952.88
93 1953.02
94 1953.16
95 1953.3
96 1953.44
97 1953.58
98 1953.72
99 1953.86
100 1954
101 1954.14
102 1954.28
103 1954.42
104 1954.56
105 1954.7
106 1954.84
107 1954.98
108 1955.12
109 1955.26
110 1955.4
111 1955.54
112 1955.68
113 1955.82
114 1955.96
115 1956.1
116 1956.24
117 1956.38
118 1956.52
119 1956.66
120 1956.8
121 1956.94
122 1957.08
123 1957.22
124 1957.36
125 1957.5
126 1957.64
127 1957.78
128 1957.92
129 1958.06
130 1958.2
131 1958.34
132 1958.48
133 1958.62
134 1958.76
135 1958.9
136 1959.04
137 1959.18
138 1959.32
139 1959.46
140 1959.6
141 1959.74
142 1959.88
143 1960.02
144 1960.16
145 1960.3
146 1960.44
147 1960.58
148 1960.72
149 1960.86
150 1961.3
area_units m²
capacity_units m³
hcapacity_units m³/month
resbali
resbalpcts
0 100
resbalflag 1
node
name NonStorage12
desc 
num 15
ntype 2
out 13
pos
0 915.0000
1 655.0000
labelpos
0 915.0000
1 663.5000
select 0
node
name NonStorage13
desc 
num 16
ntype 2
in 14
in 21
out 15
out 22
pos
0 1047.0000
1 472.0000
labelpos
0 1077.3330
1 451.4222
select 0
node
name Sink
desc 
num 17
ntype 4
in 23
pos
0 1230.0000
1 517.0000
labelpos
0 1230.0000
1 525.5000
select 0
node
name InStreamFlow
desc 
num 18
ntype 3
in 15
pos
0 1087.0000
1 543.0000
labelpos
0 1087.0000
1 551.5000
select 0
pcapUnits acre-ft/month
idstrmx
0 23
idstrmfr
1-9 0
tsdemand
units m³/day
10/01/1980 00:00:00	150000000
node
name NonStorage14
desc 
num 19
ntype 2
in 17
in 18
out 19
pos
0 923.0000
1 444.0000
labelpos
0 972.8000
1 423.6000
select 0
node
name NonStorage15
desc 
num 20
ntype 2
in 27
in 28
out 18
pos
0 887.0000
1 237.0000
labelpos
0 887.0000
1 245.5000
select 0
node
name NonStorage16
desc 
num 21
ntype 2
in 19
out 20
out 21
pos
0 986.0000
1 457.0000
labelpos
0 972.0000
1 463.5000
select 0
node
name Municipal
desc 
num 22
ntype 3
in 20
out 30
pos
0 1100.0440
1 406.8445
labelpos
0 1079.2450
1 378.6667
select 0
pcapUnits acre-ft/month
idstrmx
0 28
idstrmfr
1-9 0
tsdemand
units m³/day
10/01/1980 00:00:00	40000000
03/31/1981 00:00:00	120000000
09/30/1981 00:00:00	40000000
node
name NonStorage17
desc 
num 23
ntype 2
in 22
out 23
pos
0 1130.6000
1 490.5000
labelpos
0 1157.6000
1 465.0000
select 0
node
name NonStorage18
desc 
num 24
ntype 2
in 25
out 24
out 5
pos
0 423.6000
1 395.5000
labelpos
0 444.6000
1 404.0000
select 0
node
name NonStorage19
desc 
num 25
ntype 2
in 6
in 8
out 26
pos
0 581.6000
1 389.5000
labelpos
0 600.6000
1 368.0000
select 0
node
name NonStorage20
desc 
num 26
ntype 2
out 27
pos
0 798.1000
1 152.0000
labelpos
0 784.0959
1 125.5000
select 0
node
name NonStorage21
desc 
num 27
ntype 2
out 28
pos
0 909.1000
1 173.0000
labelpos
0 920.0959
1 151.5000
select 0
node
name NonStorage22
desc 
num 28
ntype 2
in 30
out 29
pos
0 1144.7110
1 379.0667
labelpos
0 1190.9330
1 387.3333
select 0
node
name Demand
desc 
num 29
ntype 3
in 29
pos
0 1217.4220
1 358.3556
labelpos
0 1216.2220
1 334.4000
select 0
pcapUnits 1000 m³/day
tsdemand
units 1000 m³/day
10/01/1980 00:00:00	2000000
link
lname NonStorage_NonStorage1
ldescription 
lnum 1
fromnum 1
tonum 2
select 0
link
lname NonStorage2_NonStorage1
ldescription 
lnum 2
fromnum 3
tonum 2
select 0
link
lname NonStorage1_NonStorage3
ldescription 
lnum 3
fromnum 2
tonum 4
select 0
link
lname NonStorage4_NonStorage3
ldescription 
lnum 4
fromnum 5
tonum 4
select 0
link
lname NonStorage18_InLineRes
ldescription 
lnum 5
fromnum 24
tonum 6
lcost -50
select 0
link
lname NonStorage6_NonStorage19
ldescription 
lnum 6
fromnum 8
tonum 25
select 0
link
lname InLineRes_NonStorage5
ldescription 
lnum 7
fromnum 6
tonum 7
select 0
link
lname NonStorage5_NonStorage19
ldescription 
lnum 8
fromnum 7
tonum 25
select 0
link
lname NonStorage9_NonStorage8
ldescription 
lnum 9
fromnum 11
tonum 10
select 0
link
lname NonStorage10_NonStorage7
ldescription 
lnum 10
fromnum 12
tonum 9
select 0
link
lname NonStorage7_NonStorage8
ldescription 
lnum 11
fromnum 9
tonum 10
select 0
link
lname NonStorage8_NonStorage11
ldescription 
lnum 12
fromnum 10
tonum 13
select 0
link
lname NonStorage12_OffLineRes
ldescription 
lnum 13
fromnum 15
tonum 14
select 0
link
lname OffLineRes_NonStorage13
ldescription 
lnum 14
fromnum 14
tonum 16
lcost 76
select 0
link
lname NonStorage13_InStreamFlow
ldescription 
lnum 15
fromnum 16
tonum 18
lcost -100
select 0
link
lname NonStorage11_OffLineRes
ldescription 
lnum 16
fromnum 13
tonum 14
lcost -75
maxCap
units m³/day
10/01/1980 00:00:00	120000000
select 0
link
lname NonStorage11_NonStorage14
ldescription 
lnum 17
fromnum 13
tonum 19
select 0
link
lname NonStorage15_NonStorage14
ldescription 
lnum 18
fromnum 20
tonum 19
select 0
link
lname NonStorage14_NonStorage16
ldescription 
lnum 19
fromnum 19
tonum 21
select 0
link
lname NonStorage16_Municipal
ldescription 
lnum 20
fromnum 21
tonum 22
lcost -85
maxCap
units m³/day
10/01/1980 00:00:00	40000000
03/01/1981 00:00:00	120000000
09/30/1981 00:00:00	40000000
select 0
link
lname NonStorage16_NonStorage13
ldescription 
lnum 21
fromnum 21
tonum 16
select 0
link
lname NonStorage13_NonStorage17
ldescription 
lnum 22
fromnum 16
tonum 23
select 0
link
lname NonStorage17_Sink
ldescription 
lnum 23
fromnum 23
tonum 17
select 0
link
lname NonStorage18_NonStorage5
ldescription 
lnum 24
fromnum 24
tonum 7
select 0
link
lname NonStorage3_NonStorage18
ldescription 
lnum 25
fromnum 4
tonum 24
select 0
link
lname NonStorage19_NonStorage7
ldescription 
lnum 26
fromnum 25
tonum 9
select 0
link
lname NonStorage20_NonStorage15
ldescription 
lnum 27
fromnum 26
tonum 20
select 0
link
lname NonStorage21_NonStorage15
ldescription 
lnum 28
fromnum 27
tonum 20
select 0
link
lname NonStorage22_Demand
ldescription 
lnum 29
fromnum 28
tonum 29
lcoords
0 1169.0990
1 359.4873
select 0
link
lname Municipal_NonStorage22
ldescription 
lnum 30
fromnum 22
tonum 28
maxCap
units 1000 m³/day
10/01/1980 00:00:00	0
lcoords
0 1122.3830
1 392.9640
select 0
annot
astr -100
aposx 1049
aposy 498
annot
astr -50
aposx 432
aposy 364
annot
astr -75
aposx 886
aposy 479
annot
astr -85
aposx 1041
aposy 420
annot
astr +76
aposx 972
aposy 502
annot
astr Conveyance Capacity newline~5 cfs
aposx 758
aposy 464
annot
astr (6/15/17) Network cost structure readynewlineNeed to update newline-Reservoir sizesnewline-Demand Magnitudesnewline-Conveyance capacities
aposx 1043
aposy 196
ially 1 # Explicit_Targets
iplot 0
iprd Daily
iut 1
n_years 1
rdim
0 0
1 0
2 20480
3 2700
title FictionalSagehen_FlowThru_Adjustment
uselags 1
maxit 7000
gw_cp 0.1
flowth_cp 0.05
evap_cp 0.01
infeasrestart 0
relxacrul 0
dataStartDate 10/01/1980 00:00:00
dataEndDate 10/01/1996 00:00:00
startingDate 10/01/1980 00:00:00
endingDate 10/01/1996 00:00:00
accrualDate 01/01/1980 00:00:00
seasCapDate 10/01/1980 00:00:00
accuracy 4
defaultMaxCap 29999999999
res_output 1
dws_rel 1
elev_end 1
evp_loss 1
evp_rate 1
gwater 1
head_avg 1
hydra_Cap 1
powr_avg 1
powr_pk 1
pump_in 1
pump_out 1
pwr_2nd 1
seepage 1
spills 1
stor_beg 1
stor_end 1
stor_trg 1
unreg_in 1
ups_rel 1
dem_output 1
dem_sht 1
demand 1
gw_in 1
surf_in 1
acc_flow 1
acc_output 1
acrl 1
stgl 1
flo_flow 1
flo_output 1
loss 1
natflow 1
fromgwtono 1
gw_output 1
noTimeStepsInMemorygwinfiltra 1
spcl_rpts 0
part_flows 0
ver7OutputFiles 0
ver8MSDBOutputFiles 0
SQLiteOutputFiles 1
DeleteTempVer8OutputFiles 1
noTimeStepsInMemory 12
hydroStateOUT 1
nonStorage_output 1
l_MaxOUT 1
l_MinOUT 1
Flow_ThruOUT 1
Rout_RetOUT 1
InflowOUT 1
nomaxmesg 0
constsysst 0
IsBackRoutingActive 0
IsStorageAccountWithRouting 0
